1.430087551999998331e+09 -2.133871871999997616e+09
1.431405695999998569e+09 -2.134377855999997854e+09
1.432723071999998569e+09 -2.134884223999997854e+09
1.519215487999998331e+09 -2.169860095999997616e+09
1.520479487999998569e+09 -2.170397695999997616e+09
1.521742591999998331e+09 -2.170935551999997616e+09
1.523005055999998331e+09 -2.171473919999997616e+09
1.524266495999998569e+09 -2.172012543999997616e+09
1.525527295999998331e+09 -2.172551935999997616e+09
1.526787199999998331e+09 -2.173091583999997616e+09
1.528046335999998331e+09 -2.173631743999998093e+09
1.529304575999998331e+09 -2.174172159999997616e+09
1.530562175999998569e+09 -2.174713343999997616e+09
1.531818751999998331e+09 -2.175254783999997616e+09
1.533074687999998331e+09 -2.175796479999997616e+09
1.534329727999998331e+09 -2.176338943999997616e+09
1.535583871999998331e+09 -2.176881663999997616e+09
1.536837375999998331e+09 -2.177424895999997616e+09
1.538089855999998331e+09 -2.177968639999997616e+09
1.539341695999998331e+09 -2.178512639999997616e+09
1.540592639999998331e+09 -2.179057151999997616e+09
1.541842815999998569e+09 -2.179602175999997616e+09
1.543092095999998569e+09 -2.180147711999997616e+09
1.544340607999998331e+09 -2.180693503999997616e+09
1.545588351999998331e+09 -2.181239807999997616e+09
1.546835199999998331e+09 -2.181786623999997616e+09
1.548081151999998331e+09 -2.182333951999997616e+09
1.549326335999998331e+09 -2.182881535999997616e+09
1.550570751999998331e+09 -2.183429631999997616e+09
1.551814271999998331e+09 -2.183978239999997616e+09
1.553057023999998331e+09 -2.184527103999997616e+09
1.554299007999998331e+09 -2.185076479999997616e+09
1.555540095999998331e+09 -2.185626367999997616e+09
1.556780287999998331e+09 -2.186176511999997616e+09
1.558019711999998331e+09 -2.186727423999997616e+09
1.559258367999998331e+09 -2.187278591999997616e+09
1.560496127999998331e+09 -2.187830015999997616e+09
1.561733119999998331e+09 -2.188382207999997616e+09
1.562969215999998331e+09 -2.188934655999997616e+09
1.689155583999998093e+09 -2.249915135999997616e+09
1.690299135999998093e+09 -2.250512639999997616e+09
1.691441791999998093e+09 -2.251110655999997616e+09
1.692583551999998093e+09 -2.251708927999997616e+09
1.693724415999998331e+09 -2.252307711999997616e+09
1.694864255999998331e+09 -2.252906751999997616e+09
1.696003327999998331e+09 -2.253506303999997616e+09
1.697141503999998093e+09 -2.254106111999997616e+09
1.698278783999998093e+09 -2.254706431999997616e+09
1.699415039999998093e+09 -2.255307263999997616e+09
1.700550527999998093e+09 -2.255908351999997616e+09
1.701684991999998093e+09 -2.256509951999997616e+09
1.702818687999998331e+09 -2.257111807999997616e+09
1.703951359999998093e+09 -2.257714175999997616e+09
1.705083135999998093e+09 -2.258317055999997616e+09
1.706214143999998093e+09 -2.258920191999997616e+09
1.707344127999998331e+09 -2.259523583999997616e+09
1.708473215999998093e+09 -2.260127743999997616e+09
1.709601407999998093e+09 -2.260731903999997616e+09
1.710728703999998093e+09 -2.261336575999997616e+09
1.711854975999998093e+09 -2.261941759999997616e+09
1.712980479999998331e+09 -2.262547455999997616e+09
1.714105087999998093e+09 -2.263153407999997616e+09
1.715228671999998331e+09 -2.263759615999997616e+09
1.716351359999998093e+09 -2.264366335999997616e+09
1.717473151999998093e+09 -2.264973567999997616e+09
1.718594047999998093e+09 -2.265581055999997616e+09
1.719714047999998093e+09 -2.266189055999997616e+09
1.720833151999998093e+09 -2.266797311999997616e+09
1.721951231999998093e+09 -2.267406079999997616e+09
1.723068543999998093e+09 -2.268015103999997616e+09
1.724184831999998331e+09 -2.268624639999997616e+09
1.725300223999998093e+09 -2.269234431999997616e+09
1.726414719999998093e+09 -2.269844735999997616e+09
1.727528319999998093e+09 -2.270455551999997616e+09
1.728640895999998331e+09 -2.271066623999997616e+09
1.729752703999998093e+09 -2.271677951999997616e+09
1.730863487999998093e+09 -2.272289791999997616e+09
1.731973375999998093e+09 -2.272902143999997616e+09
1.819796863999998093e+09 -2.324411903999997616e+09
1.820828415999997854e+09 -2.325055487999997616e+09
1.821858943999998331e+09 -2.325699583999997616e+09
1.822888447999997854e+09 -2.326344191999997139e+09
1.823917055999998093e+09 -2.326988799999997616e+09
1.824944639999998331e+09 -2.327633919999997616e+09
1.825971327999998093e+09 -2.328279551999997616e+09
1.826996991999998093e+09 -2.328925439999997616e+09
1.828021631999998093e+09 -2.329571583999997616e+09
1.829045375999998331e+09 -2.330218239999997616e+09
1.830068095999998093e+09 -2.330865151999997616e+09
1.831089919999997854e+09 -2.331512575999997616e+09
1.832110719999997854e+09 -2.332160255999997616e+09
1.833130623999997854e+09 -2.332808191999997616e+09
1.834149375999998093e+09 -2.333456639999997616e+09
1.835167359999998331e+09 -2.334105343999997616e+09
1.836184191999998093e+09 -2.334754559999997616e+09
1.837200127999998093e+09 -2.335404031999997616e+09
1.838215167999998093e+09 -2.336053759999997616e+09
1.839229055999998093e+09 -2.336703999999997616e+09
1.840242047999998331e+09 -2.337354495999997616e+09
1.841254143999998093e+09 -2.338005503999997616e+09
1.842265087999998093e+09 -2.338656767999997616e+09
1.843275135999997854e+09 -2.339308543999997616e+09
1.844284287999998093e+09 -2.339960575999997616e+09
1.845292415999998331e+09 -2.340612863999997616e+09
1.846299519999998093e+09 -2.341265407999997616e+09
1.847305599999997854e+09 -2.341918463999997616e+09
1.848310783999997854e+09 -2.342572031999997616e+09
1.849314943999998093e+09 -2.343225855999997616e+09
1.850318079999998093e+09 -2.343879935999997616e+09
1.851320319999998093e+09 -2.344534271999997139e+09
1.852321535999998093e+09 -2.345189119999997139e+09
1.853321855999997854e+09 -2.345844223999997616e+09
1.854321023999998093e+09 -2.346499839999997139e+09
1.855319295999998093e+09 -2.347155711999997616e+09
1.856316543999998093e+09 -2.347812095999997139e+09
1.857312895999998093e+09 -2.348468735999997616e+09
1.858308223999997854e+09 -2.349125631999997616e+09
1.859302527999997854e+09 -2.349782783999997616e+09
1.860295807999997854e+09 -2.350440447999997616e+09
1.861288191999997854e+09 -2.351098623999997616e+09
1.862279551999998093e+09 -2.351756799999997616e+09
1.863269887999997854e+09 -2.352415487999997616e+09
1.864259199999997854e+09 -2.353074687999997616e+09
1.865247615999997854e+09 -2.353734143999997616e+09
1.866235007999998093e+09 -2.354393855999997616e+09
1.867221375999997854e+09 -2.355053823999997616e+09
1.868206719999998093e+09 -2.355714303999997616e+09
1.869191167999998093e+09 -2.356375295999997139e+09
1.870174591999997854e+09 -2.357036287999997616e+09
1.871156991999998093e+09 -2.357697791999997616e+09
1.872138367999997854e+09 -2.358359551999997139e+09
1.873118847999997854e+09 -2.359021823999997616e+09
1.874098303999997854e+09 -2.359684351999997616e+09
1.875076735999998093e+09 -2.360347391999997616e+09
1.876054143999997854e+09 -2.361010431999997616e+09
1.877030527999997854e+09 -2.361673983999997616e+09
1.878006015999997854e+09 -2.362338047999997616e+09
1.878980479999998093e+09 -2.363002367999997616e+09
1.879953919999997854e+09 -2.363666943999997616e+09
1.880926335999997854e+09 -2.364331775999997616e+09
1.881897727999997854e+09 -2.364997119999997616e+09
1.882868223999997854e+09 -2.365662719999997616e+09
1.883837695999998093e+09 -2.366328831999997616e+09
1.884806143999998093e+09 -2.366995199999997616e+09
1.885773567999998093e+09 -2.367661823999997616e+09
1.886739967999998093e+09 -2.368328703999997139e+09
1.887705343999998093e+09 -2.368996095999997616e+09
1.888669823999997854e+09 -2.369663743999997616e+09
1.889633279999997854e+09 -2.370331903999997616e+09
1.890595711999997854e+09 -2.371000319999997616e+09
1.922716287999998093e+09 -2.393924863999997139e+09
1.923643263999997854e+09 -2.394605055999997616e+09
1.924569087999998093e+09 -2.395285503999997139e+09
1.925494015999997854e+09 -2.395966207999997139e+09
1.926417919999997854e+09 -2.396647167999997616e+09
1.927340671999997854e+09 -2.397328639999997139e+09
1.928262527999998093e+09 -2.398010367999997616e+09
1.929183359999998093e+09 -2.398692351999997616e+09
1.930103039999998093e+09 -2.399374591999997616e+09
1.931021823999997854e+09 -2.400057343999997139e+09
1.931939455999998093e+09 -2.400740351999997616e+09
1.932856191999998093e+09 -2.401423615999997139e+09
1.933771903999998093e+09 -2.402107391999997616e+09
1.934686463999997854e+09 -2.402791423999997616e+09
1.935599999999998093e+09 -2.403475711999997139e+09
1.936512639999998093e+09 -2.404160255999997616e+09
1.937424127999997854e+09 -2.404845055999997616e+09
1.938334719999997854e+09 -2.405530367999997616e+09
1.939244159999997854e+09 -2.406215935999997616e+09
1.940152575999997854e+09 -2.406902015999997139e+09
1.941059967999998093e+09 -2.407588095999997616e+09
1.941966335999997854e+09 -2.408274687999997616e+09
1.942871679999997854e+09 -2.408961535999997616e+09
1.943775999999997854e+09 -2.409648639999997139e+09
1.944679295999998093e+09 -2.410336255999997616e+09
1.945581567999997854e+09 -2.411024127999997616e+09
1.946482815999997854e+09 -2.411712255999997616e+09
1.947382911999998093e+09 -2.412400639999997139e+09
1.948282111999997854e+09 -2.413089535999997139e+09
1.949180159999997854e+09 -2.413778687999997616e+09
1.950077311999997854e+09 -2.414468095999997139e+09
1.950973311999998093e+09 -2.415157759999997139e+09
1.951868287999998093e+09 -2.415847679999997616e+09
1.952762239999998093e+09 -2.416538111999997616e+09
1.953655167999998093e+09 -2.417228799999997616e+09
1.954547071999997854e+09 -2.417919743999997616e+09
1.955437823999997854e+09 -2.418611199999997616e+09
1.956327679999997854e+09 -2.419302911999997139e+09
1.957216383999997854e+09 -2.419994879999997139e+09
1.958104191999998093e+09 -2.420687103999997616e+09
1.958990847999998093e+09 -2.421379583999997616e+09
1.959876479999998093e+09 -2.422072575999997139e+09
1.960761087999997854e+09 -2.422765567999997139e+09
1.961644543999997854e+09 -2.423459071999997616e+09
1.962527103999998093e+09 -2.424153087999997616e+09
1.963408511999997854e+09 -2.424847103999997616e+09
1.964289023999998093e+09 -2.425541631999997616e+09
1.965168383999998093e+09 -2.426236415999997139e+09
1.966046719999997854e+09 -2.426931455999997616e+09
1.966924031999998093e+09 -2.427626751999997616e+09
1.967800191999998093e+09 -2.428322559999997616e+09
1.968675455999997854e+09 -2.429018623999997616e+09
1.969549567999998093e+09 -2.429714687999997616e+09
1.970422655999997854e+09 -2.430411519999997139e+09
1.971294719999997854e+09 -2.431108351999997139e+09
1.972165759999997616e+09 -2.431805695999997616e+09
1.973035647999998093e+09 -2.432503039999997139e+09
1.973904511999998093e+09 -2.433200895999997616e+09
1.974772479999997854e+09 -2.433899263999997139e+09
1.975639167999998093e+09 -2.434597631999997139e+09
1.976504959999998093e+09 -2.435296255999997139e+09
1.977369727999998093e+09 -2.435995391999997616e+09
1.978233343999997854e+09 -2.436694783999997616e+09
1.979095935999997854e+09 -2.437394431999997139e+09
1.979957503999997854e+09 -2.438094591999997139e+09
1.980817919999998093e+09 -2.438794751999997139e+09
1.981677439999997854e+09 -2.439495423999997139e+09
1.982535807999997854e+09 -2.440196351999997139e+09
1.983393151999998093e+09 -2.440897535999997139e+09
1.984249343999998093e+09 -2.441598975999997616e+09
1.985104639999997854e+09 -2.442300927999997139e+09
1.985958783999998093e+09 -2.443002879999997139e+09
2.050064639999997854e+09 -2.499393023999997139e+09
2.050832895999997854e+09 -2.500118015999997616e+09
2.051600127999997854e+09 -2.500843519999997139e+09
2.052366207999997854e+09 -2.501569023999997616e+09
2.053131263999997854e+09 -2.502294783999997139e+09
2.053895167999997854e+09 -2.503021055999997616e+09
2.054658047999997854e+09 -2.503747583999997139e+09
2.055419775999997854e+09 -2.504474111999997139e+09
2.056180351999997854e+09 -2.505201151999997139e+09
2.056940031999997854e+09 -2.505928447999997139e+09
2.057698431999997854e+09 -2.506655999999997139e+09
2.058455807999997854e+09 -2.507383551999997616e+09
2.059212159999997616e+09 -2.508111615999997139e+09
2.059967231999997616e+09 -2.508839935999997139e+09
2.060721407999997854e+09 -2.509568511999997616e+09
2.061474431999997854e+09 -2.510297343999997139e+09
2.062226303999997854e+09 -2.511026431999997139e+09
2.062977023999997616e+09 -2.511755775999997139e+09
2.063726719999997854e+09 -2.512485375999997616e+09
2.064475391999997854e+09 -2.513215487999997616e+09
2.065222911999997616e+09 -2.513945599999997616e+09
2.065969279999997854e+09 -2.514675967999997139e+09
2.066714623999997854e+09 -2.515406591999997139e+09
2.067458815999997854e+09 -2.516137727999997139e+09
2.068201983999997616e+09 -2.516868863999997616e+09
2.068943999999997616e+09 -2.517600255999997139e+09
2.069684863999997854e+09 -2.518332159999997616e+09
2.070424703999997854e+09 -2.519064063999997139e+09
2.071163391999997854e+09 -2.519796223999997616e+09
2.071901055999997854e+09 -2.520528895999997139e+09
2.072637567999997854e+09 -2.521261567999997139e+09
2.073372927999997854e+09 -2.521994751999997139e+09
2.074107263999997854e+09 -2.522727935999997139e+09
2.074840447999997854e+09 -2.523461631999997616e+09
2.075572479999997616e+09 -2.524195327999997139e+09
2.076303487999997854e+09 -2.524929535999997139e+09
2.077033471999997854e+09 -2.525663743999997616e+09
2.077762175999997854e+09 -2.526398463999997139e+09
2.078489855999997854e+09 -2.527133183999997139e+09
2.079216383999997854e+09 -2.527868415999997616e+09
2.079941887999997854e+09 -2.528603903999997139e+09
2.080666239999997854e+09 -2.529339391999997139e+09
2.081389567999997854e+09 -2.530075391999997616e+09
2.082111743999997854e+09 -2.530811391999997139e+09
2.082832767999997854e+09 -2.531547903999997139e+09
2.083552639999997616e+09 -2.532284415999997139e+09
2.084271487999998093e+09 -2.533021439999997616e+09
2.084989183999997616e+09 -2.533758463999997139e+09
2.149282559999998093e+09 -2.606408191999997139e+09
2.149890047999997616e+09 -2.607168255999997139e+09
2.150496255999998093e+09 -2.607928575999997139e+09
2.151101183999998093e+09 -2.608689151999997139e+09
2.151705087999997616e+09 -2.609449983999997139e+09
2.152307967999997616e+09 -2.610210815999997139e+09
2.152909567999997616e+09 -2.610972159999997139e+09
2.153510143999997616e+09 -2.611733503999997139e+09
2.154109439999997616e+09 -2.612495103999997139e+09
2.154707711999997616e+09 -2.613256959999997139e+09
2.155304703999997616e+09 -2.614019071999997139e+09
2.155900671999997616e+09 -2.614781183999997139e+09
2.156495359999997616e+09 -2.615543807999997139e+09
2.157089023999997616e+09 -2.616306431999997616e+09
2.157681407999997616e+09 -2.617069311999997139e+09
2.158272767999997616e+09 -2.617832447999997139e+09
2.158862847999997616e+09 -2.618595583999997139e+09
2.159451903999997616e+09 -2.619359231999997139e+09
2.160039679999997616e+09 -2.620122879999997616e+09
2.160626431999997616e+09 -2.620886783999997139e+09
2.161212159999997616e+09 -2.621650943999997139e+09
2.161796351999998093e+09 -2.622415359999997139e+09
2.162379775999997616e+09 -2.623179775999997139e+09
2.162961919999997616e+09 -2.623944703999997139e+09
2.163542783999997616e+09 -2.624709631999997139e+09
2.164122623999997616e+09 -2.625474815999997139e+09
2.164701439999997616e+09 -2.626239999999997139e+09
2.165278975999997616e+09 -2.627005695999997139e+09
2.165855231999997616e+09 -2.627771391999997139e+09
2.166430463999997616e+09 -2.628537343999997139e+09
2.167004415999997616e+09 -2.629303551999997139e+09
2.167577343999997616e+09 -2.630070015999997139e+09
2.168149247999997616e+09 -2.630836735999997139e+09
2.168719871999997616e+09 -2.631603455999997139e+09
2.169289215999997616e+09 -2.632370431999997139e+09
2.169857535999997616e+09 -2.633137663999997139e+09
2.170424575999997616e+09 -2.633904895999997139e+09
2.170990591999997616e+09 -2.634672639999997139e+09
2.171555583999998093e+09 -2.635440383999997139e+09
2.172119295999997616e+09 -2.636208383999997139e+09
2.172681727999997616e+09 -2.636976639999997139e+09
2.173243135999997616e+09 -2.637744895999997139e+09
2.173803263999997616e+09 -2.638513663999997139e+09
2.174362367999997616e+09 -2.639282431999997139e+09
2.174920191999997616e+09 -2.640051455999997139e+09
2.175476991999998093e+09 -2.640820479999997139e+09
2.176032767999997616e+09 -2.641590015999997139e+09
2.176587007999997616e+09 -2.642359551999997616e+09
2.177140479999997616e+09 -2.643129343999997139e+09
2.177692415999997616e+09 -2.643899135999997139e+09
2.178243583999997616e+09 -2.644669439999997139e+09
2.178793215999997616e+09 -2.645439743999997139e+09
2.179341823999997616e+09 -2.646210303999997139e+09
2.179889407999997616e+09 -2.646981119999997139e+09
2.190071039999998093e+09 -2.661661439999997139e+09
2.190595327999997616e+09 -2.662436095999997139e+09
2.191118335999997616e+09 -2.663210751999997139e+09
2.191640319999997616e+09 -2.663985663999997139e+09
2.192161023999997616e+09 -2.664760831999997139e+09
2.192680703999997616e+09 -2.665535999999997139e+09
2.193199103999997616e+09 -2.666311423999997139e+09
2.193716223999997616e+09 -2.667087103999997139e+09
2.194232319999998093e+09 -2.667863039999997139e+09
2.194747391999997616e+09 -2.668638975999997139e+09
2.195261183999997616e+09 -2.669415167999997139e+09
2.195773695999997616e+09 -2.670191615999997139e+09
2.196285183999997616e+09 -2.670968063999997139e+09
2.196795391999997616e+09 -2.671744767999997139e+09
2.197304575999997616e+09 -2.672521727999997139e+09
2.197812479999997616e+09 -2.673298687999997139e+09
2.198319103999997616e+09 -2.674076159999997139e+09
2.198824703999997616e+09 -2.674853631999997139e+09
2.199329023999997616e+09 -2.675631103999997139e+09
2.199832319999997616e+09 -2.676409087999997139e+09
2.200334335999997616e+09 -2.677187071999997139e+09
2.200835327999997616e+09 -2.677965055999997139e+09
2.201335039999997616e+09 -2.678743551999997139e+09
2.201833727999997616e+09 -2.679522047999997139e+09
2.202330879999997616e+09 -2.680300543999997139e+09
2.202827263999997616e+09 -2.681079551999997139e+09
2.203322367999997616e+09 -2.681858559999997139e+09
2.203816191999997616e+09 -2.682637823999997139e+09
2.204308735999997616e+09 -2.683417087999997139e+09
2.204800255999997616e+09 -2.684196863999997139e+09
2.205290751999997616e+09 -2.684976383999997139e+09
2.205779967999997616e+09 -2.685756415999997139e+09
2.206267903999997616e+09 -2.686536447999997139e+09
2.206754815999997616e+09 -2.687316735999997139e+09
2.207240447999997616e+09 -2.688097279999997139e+09
2.207725055999997616e+09 -2.688877823999997139e+09
2.208208383999997616e+09 -2.689658623999997139e+09
2.208690431999997616e+09 -2.690439423999997139e+09
2.209171455999997616e+09 -2.691220479999997139e+09
2.209651199999997616e+09 -2.692001791999997139e+09
2.210129663999997616e+09 -2.692783359999997139e+09
2.210607359999997616e+09 -2.693564927999997139e+09
2.235049727999997616e+09 -2.736802303999997139e+09
2.235460863999997616e+09 -2.737592575999997139e+09
2.235870975999997616e+09 -2.738383103999997139e+09
2.236279807999997616e+09 -2.739173887999997139e+09
2.236687615999997616e+09 -2.739964671999997139e+09
2.237093887999997616e+09 -2.740755711999997139e+09
2.237499391999997616e+09 -2.741547007999997139e+09
2.237903359999997616e+09 -2.742338303999997139e+09
2.238306303999997616e+09 -2.743129599999997139e+09
2.238707967999997616e+09 -2.743921151999997139e+09
2.239108607999997616e+09 -2.744712959999997139e+09
2.239507967999997616e+09 -2.745504767999997139e+09
2.239906047999997616e+09 -2.746296831999997139e+09
2.240303103999997616e+09 -2.747088895999997139e+09
2.240698879999997616e+09 -2.747881215999997139e+09
2.241093375999997616e+09 -2.748673535999997139e+09
2.241486847999997616e+09 -2.749466111999997139e+09
2.241879039999997616e+09 -2.750258943999997139e+09
2.242269951999997616e+09 -2.751051775999997139e+09
2.242659839999997616e+09 -2.751844607999997139e+09
2.243048447999997616e+09 -2.752637695999997139e+09
2.243435775999997616e+09 -2.753431039999997139e+09
2.243822079999997616e+09 -2.754224383999997139e+09
2.244207103999997616e+09 -2.755017983999997139e+09
2.244591103999997616e+09 -2.755811583999997139e+09
2.244973567999997616e+09 -2.756605439999997139e+09
2.245355263999997616e+09 -2.757399295999997139e+09
2.245735423999997616e+09 -2.758193407999997139e+09
2.246114559999997616e+09 -2.758987519999997139e+09
2.246492415999997616e+09 -2.759781887999997139e+09
2.246868991999997616e+09 -2.760576255999997139e+09
2.247244543999997616e+09 -2.761370879999997139e+09
2.247618815999997616e+09 -2.762165759999997139e+09
2.247991807999997616e+09 -2.762960383999997139e+09
2.248363775999997616e+09 -2.763755519999997139e+09
2.248734463999997616e+09 -2.764550655999997139e+09
2.255550719999997616e+09 -2.779682303999997139e+09
2.255897343999997616e+09 -2.780479999999997139e+09
2.256242943999997616e+09 -2.781277695999997139e+09
2.256587263999997616e+09 -2.782075647999997139e+09
2.256930559999997616e+09 -2.782873599999997139e+09
2.257272319999997616e+09 -2.783671807999996662e+09
2.257613311999997616e+09 -2.784470015999997139e+09
2.257952767999997616e+09 -2.785268479999997139e+09
2.258291199999997616e+09 -2.786066943999997139e+09
2.258628351999997616e+09 -2.786865663999996662e+09
2.258964223999997616e+09 -2.787664383999996662e+09
2.259299071999997616e+09 -2.788463359999997139e+09
2.259632639999997616e+09 -2.789262335999997139e+09
2.259964927999997616e+09 -2.790061311999997139e+09
2.260295935999997616e+09 -2.790860543999997139e+09
2.260625919999997616e+09 -2.791659775999997139e+09
2.260954623999997616e+09 -2.792459263999997139e+09
2.261282303999997616e+09 -2.793259007999997139e+09
2.261608447999997616e+09 -2.794058495999996662e+09
2.261933823999997616e+09 -2.794858495999997139e+09
2.262257663999997616e+09 -2.795658239999996662e+09
2.262580479999997616e+09 -2.796458239999997139e+09
2.262902015999997616e+09 -2.797258495999997139e+09
2.263222271999997616e+09 -2.798058751999997139e+09
2.263541247999997616e+09 -2.798859007999997139e+09
2.263859199999997616e+09 -2.799659519999997139e+09
2.264176127999997616e+09 -2.800460287999997139e+09
2.264491519999997616e+09 -2.801260799999997139e+09
2.264805887999997616e+09 -2.802061567999997139e+09
2.265118975999997616e+09 -2.802862591999997139e+09
2.265430783999997616e+09 -2.803663615999997139e+09
2.265741567999997616e+09 -2.804464895999997139e+09
2.266051071999997616e+09 -2.805265919999997139e+09
2.266359295999997616e+09 -2.806067455999997139e+09
2.266666495999997616e+09 -2.806868991999997139e+09
2.266972159999997616e+09 -2.807670527999996662e+09
2.267277055999997616e+09 -2.808472063999997139e+09
2.267580415999997616e+09 -2.809273855999997139e+09
2.267882751999997616e+09 -2.810075903999997139e+09
2.268183807999997616e+09 -2.810877951999997139e+09
2.268483583999997616e+09 -2.811679999999996662e+09
2.268782079999997616e+09 -2.812482303999997139e+09
2.269079551999997616e+09 -2.813284607999996662e+09
2.269375743999997616e+09 -2.814086911999997139e+09
2.269670911999997616e+09 -2.814889471999997139e+09
2.269964543999997616e+09 -2.815692287999997139e+09
2.270257151999997616e+09 -2.816494847999997139e+09
2.270548735999997616e+09 -2.817297663999997139e+09
2.270838783999997616e+09 -2.818100735999997139e+09
2.271127807999997616e+09 -2.818903807999997139e+09
2.271415551999997616e+09 -2.819706879999997139e+09
2.271702271999997616e+09 -2.820510207999997139e+09
2.271987455999997616e+09 -2.821313535999997139e+09
2.272271615999997616e+09 -2.822117119999997139e+09
2.293054463999997616e+09 -2.895597823999997139e+09
2.293227007999997616e+09 -2.896408831999996662e+09
2.293398271999997616e+09 -2.897219583999996662e+09
2.293568255999997616e+09 -2.898030591999996662e+09
2.293736959999997616e+09 -2.898841855999997139e+09
2.293904383999997616e+09 -2.899652863999996662e+09
2.294070783999997616e+09 -2.900464127999997139e+09
2.294235903999997616e+09 -2.901275391999996662e+09
2.294399999999997616e+09 -2.902086655999996662e+09
2.294562559999997616e+09 -2.902897919999997139e+09
2.294724095999997616e+09 -2.903709439999997139e+09
2.294884351999997616e+09 -2.904520959999997139e+09
2.295043327999997616e+09 -2.905332479999996662e+09
2.295201023999997616e+09 -2.906143999999996662e+09
2.295357695999997616e+09 -2.906955775999997139e+09
2.295513087999997616e+09 -2.907767295999997139e+09
2.295667199999997616e+09 -2.908579071999997139e+09
2.295820031999997616e+09 -2.909391103999996662e+09
2.295971839999997616e+09 -2.910202879999997139e+09
2.296122367999997616e+09 -2.911014655999997139e+09
2.296271615999997616e+09 -2.911826687999996662e+09
2.296419583999997616e+09 -2.912638719999997139e+09
2.296566271999997616e+09 -2.913450751999996662e+09
2.296711935999997616e+09 -2.914263039999996662e+09
2.296856319999997616e+09 -2.915075071999997139e+09
2.296999423999997616e+09 -2.915887359999997139e+09
2.297141503999997616e+09 -2.916699647999997139e+09
2.297282047999997616e+09 -2.917511935999996662e+09
2.297421567999997616e+09 -2.918324479999997139e+09
2.297559807999997616e+09 -2.919136767999996662e+09
2.297697023999997616e+09 -2.919949311999997139e+09
2.297832703999997616e+09 -2.920761855999997139e+09
2.297967359999997616e+09 -2.921574399999996662e+09
2.298100735999997616e+09 -2.922386943999996662e+09
2.298232831999997616e+09 -2.923199743999997139e+09
2.298363903999997616e+09 -2.924012287999997139e+09
2.298493439999997616e+09 -2.924825087999996662e+09
2.298621951999997616e+09 -2.925637887999997139e+09
2.298749183999997616e+09 -2.926450687999996662e+09
2.298875391999997616e+09 -2.927263743999996662e+09
2.299000063999997616e+09 -2.928076543999997139e+09
2.299123711999997616e+09 -2.928889599999997139e+09
2.299246079999997616e+09 -2.929702655999996662e+09
2.299367167999997616e+09 -2.930515711999996662e+09
2.299487231999997616e+09 -2.931328767999996662e+09
2.299606015999997616e+09 -2.932142079999996662e+09
2.299723263999997616e+09 -2.932955135999997139e+09
2.299839743999997616e+09 -2.933768447999996662e+09
2.305155839999997616e+09 -2.998107903999997139e+09
2.305174271999997616e+09 -2.998923007999996662e+09
2.305191167999997616e+09 -2.999738367999997139e+09
2.305207039999997616e+09 -3.000553471999996662e+09
2.305221631999997616e+09 -3.001368575999996662e+09
2.305235199999997616e+09 -3.002183679999997139e+09
2.305247231999997616e+09 -3.002998783999996662e+09
2.305258239999997616e+09 -3.003814143999997139e+09
2.305267967999997616e+09 -3.004629247999996662e+09
2.305276415999997616e+09 -3.005444351999996662e+09
2.305283583999997616e+09 -3.006259711999996662e+09
2.305289727999997616e+09 -3.007074815999996662e+09
2.305294591999997616e+09 -3.007889919999997139e+09
2.305298175999997616e+09 -3.008705279999996662e+09
2.305300479999997616e+09 -3.009520383999997139e+09
2.305301503999997616e+09 -3.010335487999996662e+09
2.305301503999997616e+09 -3.011150847999997139e+09
2.305300223999997616e+09 -3.011965951999996662e+09
2.305297663999997616e+09 -3.012781055999996662e+09
2.305293823999997139e+09 -3.013596415999996662e+09
2.305288703999997616e+09 -3.014411519999996662e+09
2.305282559999997616e+09 -3.015226623999996662e+09
2.305275135999997616e+09 -3.016041983999997139e+09
2.305266431999997616e+09 -3.016857087999996662e+09
2.305256447999997616e+09 -3.017672191999996662e+09
2.305245439999997616e+09 -3.018487295999997139e+09
2.305233151999997616e+09 -3.019302655999996662e+09
2.305219327999997616e+09 -3.020117759999997139e+09
2.305204735999997616e+09 -3.020932863999996662e+09
2.305188607999997616e+09 -3.021747967999996662e+09
2.305171199999997616e+09 -3.022563327999996662e+09
2.305152767999997616e+09 -3.023378431999996662e+09
2.305133055999997616e+09 -3.024193535999997139e+09
2.305112063999997616e+09 -3.025008639999996662e+09
2.305090047999997616e+09 -3.025823743999996662e+09
2.305066495999997616e+09 -3.026638847999996662e+09
2.305041919999997616e+09 -3.027453951999996662e+09
2.305016063999997616e+09 -3.028269055999996662e+09
2.304989183999997616e+09 -3.029084159999996662e+09
2.304960767999997616e+09 -3.029899263999996662e+09
2.304931327999997616e+09 -3.030714367999997139e+09
2.304900607999997616e+09 -3.031529215999997139e+09
2.304868607999997616e+09 -3.032344319999996662e+09
2.304835327999997616e+09 -3.033159423999996662e+09
2.304801023999997616e+09 -3.033974527999997139e+09
2.304765439999997616e+09 -3.034789375999997139e+09
2.304728575999997616e+09 -3.035604479999996662e+09
2.304690431999997616e+09 -3.036419327999996662e+09
2.304651007999997139e+09 -3.037234431999996662e+09
2.304610559999997616e+09 -3.038049279999996662e+09
2.304568831999997616e+09 -3.038864383999996662e+09
2.304525823999997616e+09 -3.039679231999996662e+09
2.304481535999997616e+09 -3.040494079999996662e+09
2.304435967999997616e+09 -3.041308927999996662e+09
2.304389375999997139e+09 -3.042123775999996662e+09
2.304341503999997616e+09 -3.042938623999996662e+09
2.304292351999997616e+09 -3.043753471999996662e+09
2.304241919999997616e+09 -3.044568319999996662e+09
2.304190463999997616e+09 -3.045383167999996662e+09
2.304137471999997616e+09 -3.046198015999996662e+09
2.302901503999997616e+09 -3.061675007999997139e+09
2.302824191999997616e+09 -3.062489087999997139e+09
2.302745855999997616e+09 -3.063303423999996662e+09
2.302665983999997616e+09 -3.064117759999996662e+09
2.302585087999997616e+09 -3.064932095999996662e+09
2.302502911999997616e+09 -3.065746175999996662e+09
2.302419455999997616e+09 -3.066560511999996662e+09
2.302334719999997616e+09 -3.067374591999996662e+09
2.302248959999997616e+09 -3.068188671999996662e+09
2.302161919999997616e+09 -3.069002751999997139e+09
2.302073599999997616e+09 -3.069816831999996662e+09
2.301983999999997616e+09 -3.070630911999996662e+09
2.301893119999997616e+09 -3.071444991999996662e+09
2.301801215999997616e+09 -3.072258815999997139e+09
2.301708031999997616e+09 -3.073072895999996662e+09
2.301613567999997616e+09 -3.073886719999996662e+09
2.301517823999997616e+09 -3.074700543999996662e+09
2.301421055999997616e+09 -3.075514367999996662e+09
2.301323007999997616e+09 -3.076328191999996662e+09
2.301223679999997616e+09 -3.077142015999997139e+09
2.301123071999997616e+09 -3.077955839999996662e+09
2.301021183999997616e+09 -3.078769407999996662e+09
2.300918271999997616e+09 -3.079582975999996662e+09
2.300814079999997616e+09 -3.080396799999996662e+09
2.300708607999997616e+09 -3.081210367999996662e+09
2.300601855999997616e+09 -3.082023935999996662e+09
2.300494079999997616e+09 -3.082837247999996662e+09
2.300384767999997616e+09 -3.083650815999996662e+09
2.300274431999997616e+09 -3.084464127999996662e+09
2.300162815999997616e+09 -3.085277695999996662e+09
2.297810687999997616e+09 -3.100723967999996662e+09
2.297674751999997616e+09 -3.101536511999996662e+09
2.297537535999997616e+09 -3.102349055999996662e+09
2.297399039999997616e+09 -3.103161599999996662e+09
2.297259263999997616e+09 -3.103973887999996662e+09
2.297118463999997616e+09 -3.104786175999996662e+09
2.296976383999997616e+09 -3.105598463999996662e+09
2.296833023999997616e+09 -3.106410751999996662e+09
2.296688383999997616e+09 -3.107222783999996662e+09
2.296542719999997616e+09 -3.108035071999996662e+09
2.296395519999997616e+09 -3.108847103999996662e+09
2.296247295999997616e+09 -3.109659135999996662e+09
2.296097791999997616e+09 -3.110470911999996662e+09
2.295947263999997616e+09 -3.111282943999996662e+09
2.295795455999997616e+09 -3.112094719999996662e+09
2.295642367999997616e+09 -3.112906495999996662e+09
2.295487999999997616e+09 -3.113718271999996662e+09
2.295332351999997616e+09 -3.114530047999996662e+09
2.295175679999997616e+09 -3.115341567999996662e+09
2.295017471999997616e+09 -3.116153343999996662e+09
2.294858239999997616e+09 -3.116964863999996662e+09
2.294697983999997616e+09 -3.117776127999996662e+09
2.294536191999997616e+09 -3.118587647999996662e+09
2.294373375999997616e+09 -3.119398911999996662e+09
2.294209279999997616e+09 -3.120210431999996662e+09
2.294043903999997616e+09 -3.121021439999996662e+09
2.293877503999997139e+09 -3.121832703999996662e+09
2.293709567999997616e+09 -3.122643967999996662e+09
2.293540607999997616e+09 -3.123454975999996662e+09
2.293370367999997139e+09 -3.124265983999996662e+09
2.293199103999997616e+09 -3.125076991999996662e+09
2.293026303999997616e+09 -3.125887743999996662e+09
2.292852479999997616e+09 -3.126698495999996662e+09
2.292677375999997616e+09 -3.127509247999996662e+09
2.292501247999997616e+09 -3.128319999999996662e+09
2.292323583999997616e+09 -3.129130751999996662e+09
2.292144895999997616e+09 -3.129941247999996662e+09
2.291964927999997616e+09 -3.130751743999996662e+09
2.291783679999997616e+09 -3.131562239999996662e+09
2.291601407999997616e+09 -3.132372479999996662e+09
2.291417855999997616e+09 -3.133182975999996662e+09
2.291233023999997616e+09 -3.133993215999996662e+09
2.279194111999997616e+09 -3.178443775999996662e+09
2.278941183999997616e+09 -3.179249663999996662e+09
2.278687231999997616e+09 -3.180055551999996662e+09
2.278431999999997616e+09 -3.180861439999996662e+09
2.278175231999997616e+09 -3.181667071999996662e+09
2.277917695999997616e+09 -3.182472447999996662e+09
2.277658623999997616e+09 -3.183278079999996662e+09
2.277398527999997616e+09 -3.184083455999996662e+09
2.277137151999997616e+09 -3.184888575999996662e+09
2.276874495999997616e+09 -3.185693951999996662e+09
2.276610815999997616e+09 -3.186498815999996662e+09
2.276345855999997616e+09 -3.187303935999996662e+09
2.276079615999997616e+09 -3.188108799999996662e+09
2.275812095999997616e+09 -3.188913663999996662e+09
2.275543551999997616e+09 -3.189718271999996662e+09
2.275273727999997616e+09 -3.190522879999996662e+09
2.275002623999997616e+09 -3.191327487999996662e+09
2.274730495999997616e+09 -3.192131839999996662e+09
2.274456831999997616e+09 -3.192936191999996662e+09
2.274182143999997616e+09 -3.193740543999996662e+09
2.273906431999997616e+09 -3.194544639999996662e+09
2.273629183999997616e+09 -3.195348735999996185e+09
2.273350911999997616e+09 -3.196152575999996662e+09
2.273071359999997616e+09 -3.196956415999996662e+09
2.272790783999997616e+09 -3.197760255999996662e+09
2.272508927999997616e+09 -3.198563839999996662e+09
2.272225791999997616e+09 -3.199367423999996662e+09
2.271941375999997616e+09 -3.200170751999996662e+09
2.271655679999997616e+09 -3.200974079999996662e+09
2.271368959999997616e+09 -3.201777407999996662e+09
2.271080959999997616e+09 -3.202580479999996662e+09
2.270791935999997616e+09 -3.203383551999996662e+09
2.270501375999997616e+09 -3.204186623999996662e+09
2.270209791999997616e+09 -3.204989439999996662e+09
2.269917183999997616e+09 -3.205791999999996662e+09
2.269623039999997616e+09 -3.206594815999996662e+09
2.269327871999997616e+09 -3.207397375999996185e+09
2.269031423999997616e+09 -3.208199679999996662e+09
2.268733695999997616e+09 -3.209001983999996185e+09
2.268434943999997616e+09 -3.209804287999996662e+09
2.268134911999997616e+09 -3.210606335999996662e+09
2.267833599999997616e+09 -3.211408383999996662e+09
2.267531263999997616e+09 -3.212210175999996662e+09
2.267227647999997616e+09 -3.213011967999996662e+09
2.266922751999997616e+09 -3.213813759999996662e+09
2.266616575999997616e+09 -3.214615295999996662e+09
2.266309375999997616e+09 -3.215416575999996662e+09
2.266000895999997616e+09 -3.216218111999996662e+09
2.259910911999997616e+09 -3.231422463999996662e+09
2.259578623999997616e+09 -3.232221439999996185e+09
2.259244799999997616e+09 -3.233020415999996662e+09
2.258909695999997616e+09 -3.233819391999996662e+09
2.258573567999997616e+09 -3.234618111999996662e+09
2.258236159999997616e+09 -3.235416575999996662e+09
2.257897727999997616e+09 -3.236215039999996662e+09
2.257558015999997616e+09 -3.237013503999996662e+09
2.257217023999997616e+09 -3.237811711999996662e+09
2.256874751999997616e+09 -3.238609919999996185e+09
2.256531455999997616e+09 -3.239407871999996662e+09
2.256186879999997616e+09 -3.240205823999996662e+09
2.255841279999997616e+09 -3.241003519999996185e+09
2.255494143999997616e+09 -3.241801215999996662e+09
2.255145983999997616e+09 -3.242598655999996662e+09
2.254796799999997616e+09 -3.243396095999996662e+09
2.254446079999997616e+09 -3.244193279999996662e+09
2.254094591999997616e+09 -3.244990463999996662e+09
2.253741567999997616e+09 -3.245787391999996185e+09
2.253387263999997616e+09 -3.246584319999996662e+09
2.253031935999997616e+09 -3.247381247999996662e+09
2.252675327999997616e+09 -3.248177663999996662e+09
2.252317695999997616e+09 -3.248974335999996662e+09
2.251958783999997616e+09 -3.249770751999996662e+09
2.251598591999997616e+09 -3.250566911999996662e+09
2.251237375999997616e+09 -3.251363071999996662e+09
2.250874879999997616e+09 -3.252158975999996185e+09
2.250511103999997616e+09 -3.252954879999996662e+09
2.250146047999997616e+09 -3.253750783999996662e+09
2.249779967999997616e+09 -3.254546431999996662e+09
2.249412607999997616e+09 -3.255341823999996662e+09
2.249044223999997616e+09 -3.256137215999996662e+09
2.248674559999997616e+09 -3.256932351999996662e+09
2.248303615999997616e+09 -3.257727487999996662e+09
2.247931391999997616e+09 -3.258522623999996662e+09
2.247558143999997616e+09 -3.259317247999996662e+09
2.247183615999997616e+09 -3.260112127999996662e+09
2.246808063999997616e+09 -3.260906751999996662e+09
2.246431231999997616e+09 -3.261701119999996662e+09
2.246053119999997616e+09 -3.262495487999996662e+09
2.245673727999997616e+09 -3.263289599999996662e+09
2.245293311999997616e+09 -3.264083711999996662e+09
2.244911615999997616e+09 -3.264877567999996662e+09
2.244528895999997616e+09 -3.265671167999996662e+09
2.244144639999997616e+09 -3.266464767999996185e+09
2.243759615999997616e+09 -3.267258367999996662e+09
2.243373055999997616e+09 -3.268051711999996662e+09
2.242985471999997616e+09 -3.268845055999996662e+09
2.064353919999997616e+09 -3.508257023999996185e+09
2.063605247999997616e+09 -3.508986879999996185e+09
2.062855295999998093e+09 -3.509716479999996185e+09
2.062104319999997854e+09 -3.510445823999996185e+09
2.061352191999997616e+09 -3.511174911999996185e+09
2.060599039999997854e+09 -3.511903743999996185e+09
2.059844735999998093e+09 -3.512632319999996185e+09
2.059089407999997616e+09 -3.513360639999996185e+09
2.058332927999997616e+09 -3.514088447999996185e+09
2.057575423999997616e+09 -3.514816255999996185e+09
2.056816767999997854e+09 -3.515543807999996185e+09
2.056057087999997616e+09 -3.516270847999996185e+09
2.055296255999997854e+09 -3.516997887999996185e+09
2.054534271999998093e+09 -3.517724415999996185e+09
2.053771263999997854e+09 -3.518450943999996185e+09
2.053007231999998093e+09 -3.519176959999996185e+09
2.052241919999997854e+09 -3.519902719999996185e+09
2.051475711999997854e+09 -3.520628223999996185e+09
2.050708351999997854e+09 -3.521353727999996185e+09
2.049939839999997854e+09 -3.522078719999996185e+09
2.049170303999997616e+09 -3.522803455999996185e+09
2.048399615999997854e+09 -3.523527935999996185e+09
2.047627903999997616e+09 -3.524252159999996185e+09
2.046855039999997854e+09 -3.524976127999996662e+09
2.046081151999997854e+09 -3.525699839999996185e+09
2.045306111999997854e+09 -3.526423039999996185e+09
2.044529919999997854e+09 -3.527146239999996185e+09
2.043752831999997854e+09 -3.527868927999996185e+09
2.042974463999997854e+09 -3.528591615999996185e+09
2.042195199999997854e+09 -3.529313791999996185e+09
2.041414783999997616e+09 -3.530035967999996185e+09
2.040633215999997854e+09 -3.530757631999996185e+09
2.039850623999998093e+09 -3.531479039999996185e+09
2.039066879999997854e+09 -3.532200191999996185e+09
2.038282111999997854e+09 -3.532921343999996185e+09
2.037496191999997854e+09 -3.533641727999996185e+09
2.036709247999998093e+09 -3.534362111999996185e+09
2.035921279999997854e+09 -3.535082239999996185e+09
2.035132159999998093e+09 -3.535802111999996662e+09
2.034341887999997854e+09 -3.536521471999996185e+09
2.033550719999997616e+09 -3.537240831999996185e+09
2.032758271999997854e+09 -3.537959679999996185e+09
2.031964799999997616e+09 -3.538678527999996185e+09
2.031170303999998093e+09 -3.539396863999996185e+09
2.030374783999998093e+09 -3.540114943999996185e+09
2.029578111999997854e+09 -3.540832767999996185e+09
2.028780287999997854e+09 -3.541550335999996185e+09
2.027981439999997854e+09 -3.542267647999996185e+09
2.027181567999997616e+09 -3.542984703999996185e+09
2.026380543999997616e+09 -3.543701247999996185e+09
2.025578495999997854e+09 -3.544417791999996185e+09
2.024775295999998093e+09 -3.545133823999996185e+09
2.023971071999997854e+09 -3.545849599999996185e+09
2.023165823999998093e+09 -3.546565375999996185e+09
1.786108927999998093e+09 -3.717448191999995708e+09
1.785045631999998093e+09 -3.718079487999996185e+09
1.783981439999998093e+09 -3.718710527999996185e+09
1.782916223999998093e+09 -3.719341311999995708e+09
1.781850111999998093e+09 -3.719971583999996662e+09
1.780783103999998093e+09 -3.720601343999995708e+09
1.779715071999998093e+09 -3.721231103999995708e+09
1.778646015999997854e+09 -3.721860095999996185e+09
1.777576191999998331e+09 -3.722488831999996185e+09
1.776505343999998331e+09 -3.723117311999995708e+09
1.775433471999998093e+09 -3.723745279999996185e+09
1.774360703999998093e+09 -3.724372991999996185e+09
1.773287039999998093e+09 -3.725000191999996185e+09
1.772212479999998093e+09 -3.725627135999995708e+09
1.771136895999998093e+09 -3.726253567999996185e+09
1.770060287999998093e+09 -3.726879743999996185e+09
1.768982911999998093e+09 -3.727505407999995708e+09
1.767904511999998093e+09 -3.728130815999995708e+09
1.766825087999998093e+09 -3.728755711999995708e+09
1.765744895999998093e+09 -3.729380351999996185e+09
1.764663679999998093e+09 -3.730004479999995708e+09
1.763581439999998093e+09 -3.730628351999996185e+09
1.762498431999998093e+09 -3.731251711999996185e+09
1.761414399999998093e+09 -3.731874815999995708e+09
1.760329343999998093e+09 -3.732497407999996185e+09
1.759243519999998093e+09 -3.733119743999995708e+09
1.758156671999998093e+09 -3.733741567999995708e+09
1.757068799999998093e+09 -3.734363135999995708e+09
1.755980159999998093e+09 -3.734984447999996185e+09
1.754890495999998093e+09 -3.735604991999996185e+09
1.753799935999998093e+09 -3.736225535999995708e+09
1.752708351999998093e+09 -3.736845311999996185e+09
1.751615999999998093e+09 -3.737465087999996185e+09
1.750522623999998331e+09 -3.738084095999996185e+09
1.749428223999998093e+09 -3.738703103999995708e+09
1.748333055999998093e+09 -3.739321599999995708e+09
1.747236863999998093e+09 -3.739939583999996185e+09
1.746139775999998093e+09 -3.740557311999995708e+09
1.745041791999998331e+09 -3.741174527999995708e+09
1.743942783999998093e+09 -3.741791231999995708e+09
1.742843007999998093e+09 -3.742407679999996185e+09
1.741742207999998093e+09 -3.743023871999996662e+09
1.740640383999998093e+09 -3.743639551999996185e+09
1.739537791999998093e+09 -3.744254975999996185e+09
1.738434175999998093e+09 -3.744869887999995708e+09
1.737329663999998331e+09 -3.745484543999996185e+09
1.736224255999998093e+09 -3.746098687999995708e+09
1.735117951999998093e+09 -3.746712319999995708e+09
1.734010623999998331e+09 -3.747325695999996185e+09
1.732902399999998093e+09 -3.747938559999995708e+09
1.731793279999998093e+09 -3.748551167999996185e+09
1.730683263999998093e+09 -3.749163519999996185e+09
1.729572351999998331e+09 -3.749775359999996185e+09
1.728460415999998331e+09 -3.750386687999995708e+09
1.727347583999998331e+09 -3.750997759999996185e+09
1.726233983999998331e+09 -3.751608319999996185e+09
1.725119359999998093e+09 -3.752218623999995708e+09
1.724003711999998093e+09 -3.752828415999996185e+09
1.722887295999998093e+09 -3.753437695999995708e+09
1.721769855999998331e+09 -3.754046975999996185e+09
1.700366335999998093e+09 -3.765543167999995708e+09
1.699230719999998331e+09 -3.766144255999996185e+09
1.698094207999998093e+09 -3.766744831999995708e+09
1.696956799999998093e+09 -3.767345151999995708e+09
1.695818623999998093e+09 -3.767944959999996185e+09
1.694679423999998331e+09 -3.768544511999996185e+09
1.693539327999998093e+09 -3.769143551999996185e+09
1.692398335999998093e+09 -3.769742335999995708e+09
1.691256447999998093e+09 -3.770340607999996185e+09
1.690113663999998093e+09 -3.770938367999996185e+09
1.688969855999998093e+09 -3.771535871999996185e+09
1.687825279999998331e+09 -3.772132863999996185e+09
1.686679807999998331e+09 -3.772729599999996185e+09
1.685533439999998331e+09 -3.773325823999995708e+09
1.684386175999998093e+09 -3.773921535999996185e+09
1.683238015999998331e+09 -3.774516991999996185e+09
1.682088959999998331e+09 -3.775111935999996185e+09
1.680939007999998331e+09 -3.775706623999995708e+09
1.679788031999998093e+09 -3.776300799999995708e+09
1.678636415999998093e+09 -3.776894719999996185e+09
1.677483647999998093e+09 -3.777488127999995708e+09
1.676330111999998093e+09 -3.778081023999995708e+09
1.675175679999998093e+09 -3.778673663999995708e+09
1.674020351999998331e+09 -3.779265791999996185e+09
1.672864127999998093e+09 -3.779857407999995708e+09
1.671707135999998331e+09 -3.780448767999995708e+09
1.670549119999998331e+09 -3.781039871999995708e+09
1.669390207999998331e+09 -3.781630207999996185e+09
1.668230527999998331e+09 -3.782220287999995708e+09
1.667069823999998093e+09 -3.782810111999995708e+09
1.665908223999998093e+09 -3.783399423999995708e+09
1.664745855999998331e+09 -3.783988223999996185e+09
1.663582591999998331e+09 -3.784576767999995708e+09
1.662418303999998331e+09 -3.785164799999995708e+09
1.661253247999998331e+09 -3.785752575999995708e+09
1.660087295999998331e+09 -3.786339583999996185e+09
1.658920447999998093e+09 -3.786926591999995708e+09
1.657752703999998331e+09 -3.787513087999995708e+09
1.656584191999998331e+09 -3.788099071999995708e+09
1.655414655999998331e+09 -3.788684543999996185e+09
1.654244223999998331e+09 -3.789269759999996185e+09
1.653073023999998093e+09 -3.789854463999996185e+09
1.651900927999998093e+09 -3.790438911999996185e+09
1.650727935999998093e+09 -3.791022847999995708e+09
1.649554047999998331e+09 -3.791606271999996185e+09
1.648379263999998331e+09 -3.792189439999996185e+09
1.647203583999998331e+09 -3.792772095999995708e+09
1.646027135999998093e+09 -3.793354239999996185e+09
1.644849663999998331e+09 -3.793936127999995708e+09
1.643671423999998331e+09 -3.794517503999995708e+09
1.642492287999998331e+09 -3.795098623999996185e+09
1.641312255999998093e+09 -3.795679231999995708e+09
1.640131455999998331e+09 -3.796259327999996185e+09
1.638949631999998331e+09 -3.796839167999996185e+09
1.637767039999998331e+09 -3.797418495999995708e+09
1.636583551999998331e+09 -3.797997567999996185e+09
1.635399167999998331e+09 -3.798575871999996185e+09
1.634213887999998331e+09 -3.799154175999996185e+09
1.633027839999998331e+09 -3.799731711999996185e+09
1.631840895999998331e+09 -3.800308991999996185e+09
1.565238655999998331e+09 -3.831403007999995708e+09
1.564004095999998331e+09 -3.831956223999996185e+09
1.562768639999998331e+09 -3.832509183999996185e+09
1.561532415999998331e+09 -3.833061375999996185e+09
1.560295295999998331e+09 -3.833613567999996185e+09
1.559057407999998331e+09 -3.834164991999995708e+09
1.557818623999998331e+09 -3.834716159999995708e+09
1.556579071999998331e+09 -3.835266815999995708e+09
1.555338751999998331e+09 -3.835816959999996185e+09
1.554097535999998331e+09 -3.836366591999995708e+09
1.552855423999998331e+09 -3.836915967999995708e+09
1.551612543999998331e+09 -3.837464831999995708e+09
1.550368895999998331e+09 -3.838013439999996185e+09
1.549124351999998331e+09 -3.838561279999995708e+09
1.547879039999998331e+09 -3.839108863999995708e+09
1.546632831999998331e+09 -3.839656191999995708e+09
1.545385855999998331e+09 -3.840202751999995708e+09
1.544138111999998331e+09 -3.840749055999996185e+09
1.542889471999998331e+09 -3.841294847999996185e+09
1.541639935999998331e+09 -3.841840127999995708e+09
1.540389759999998331e+09 -3.842385151999996185e+09
1.539138559999998331e+09 -3.842929663999996185e+09
1.537886719999998331e+09 -3.843473663999996185e+09
1.536633983999998331e+09 -3.844017151999995708e+09
1.535380479999998331e+09 -3.844560383999996185e+09
1.534126079999998331e+09 -3.845103103999996185e+09
1.532870911999998331e+09 -3.845645311999995708e+09
1.531614847999998331e+09 -3.846187263999996185e+09
1.530358143999998331e+09 -3.846728703999995708e+09
1.529100543999998331e+09 -3.847269631999996185e+09
1.527842047999998331e+09 -3.847810047999996185e+09
1.526582783999998331e+09 -3.848350207999995708e+09
1.525322751999998569e+09 -3.848889599999995708e+09
1.524061823999998331e+09 -3.849428735999996185e+09
1.522800255999998331e+09 -3.849967615999995708e+09
1.521537663999998331e+09 -3.850505727999996185e+09
1.520274431999998331e+09 -3.851043583999996185e+09
1.519010303999998331e+09 -3.851580927999995708e+09
1.517745407999998331e+09 -3.852118015999996185e+09
1.516479615999998331e+09 -3.852654335999996185e+09
1.515213183999998331e+09 -3.853190399999996185e+09
1.513945855999998331e+09 -3.853725951999995708e+09
1.512677631999998331e+09 -3.854261247999996185e+09
1.511408767999998331e+09 -3.854795775999996185e+09
1.510139007999998331e+09 -3.855330047999996185e+09
1.508868479999998331e+09 -3.855863807999995708e+09
1.507597055999998569e+09 -3.856397055999995708e+09
1.506324991999998331e+09 -3.856930047999995708e+09
1.505052031999998569e+09 -3.857462527999995708e+09
1.503778303999998331e+09 -3.857994495999995708e+09
1.502503679999998331e+09 -3.858525951999995708e+09
1.501228287999998569e+09 -3.859057151999995708e+09
1.499952127999998331e+09 -3.859587839999996185e+09
1.498675199999998331e+09 -3.860118015999995708e+09
1.285969663999998569e+09 -3.938488831999995708e+09
1.284574207999998569e+09 -3.938943487999995232e+09
1.283177983999998569e+09 -3.939397375999995232e+09
1.281780991999998569e+09 -3.939851007999995708e+09
1.280383487999998569e+09 -3.940303871999996185e+09
1.278985215999998569e+09 -3.940756479999995708e+09
1.277586303999998808e+09 -3.941208575999995708e+09
1.276186623999998569e+09 -3.941659903999995708e+09
1.274786303999998569e+09 -3.942110975999996185e+09
1.273385343999998808e+09 -3.942561535999996185e+09
1.271983615999998569e+09 -3.943011583999995708e+09
1.270581375999998569e+09 -3.943461119999996185e+09
1.269178367999998569e+09 -3.943910143999996185e+09
1.267774591999998808e+09 -3.944358655999995708e+09
1.266370303999998569e+09 -3.944806911999996185e+09
1.264965247999998569e+09 -3.945254399999995708e+09
1.263559551999998808e+09 -3.945701375999996185e+09
1.262153215999998808e+09 -3.946148095999995708e+09
1.260746111999998808e+09 -3.946594047999995708e+09
1.259338367999998569e+09 -3.947039743999995708e+09
1.257929983999998569e+09 -3.947484671999996185e+09
1.256520959999998808e+09 -3.947929343999995708e+09
1.255111167999998569e+09 -3.948373247999995708e+09
1.253700863999998569e+09 -3.948816895999996185e+09
1.252289791999998808e+09 -3.949260031999995708e+09
1.250878079999998569e+09 -3.949702655999995708e+09
1.249465599999998569e+09 -3.950144767999996185e+09
1.248052607999998808e+09 -3.950586367999995708e+09
1.246638847999998569e+09 -3.951027455999995708e+09
1.245224447999998569e+09 -3.951468031999995708e+09
1.243809407999998569e+09 -3.951908095999996185e+09
1.242393727999998808e+09 -3.952347647999996185e+09
1.240977407999998569e+09 -3.952786687999996185e+09
1.239560319999998808e+09 -3.953225215999995708e+09
1.238142719999998808e+09 -3.953663231999995708e+09
1.236724351999998808e+09 -3.954100991999995708e+09
1.235305343999998808e+09 -3.954537983999995708e+09
1.233885695999998808e+09 -3.954974463999995708e+09
1.232465407999998569e+09 -3.955410687999995708e+09
1.231044351999998808e+09 -3.955846143999995708e+09
1.229622783999998808e+09 -3.956281343999995708e+09
1.228200447999998569e+09 -3.956715775999995708e+09
1.226777471999998569e+09 -3.957149951999995708e+09
1.225353983999998808e+09 -3.957583359999995232e+09
1.223929727999998569e+09 -3.958016511999996185e+09
1.222504831999998569e+09 -3.958448895999995708e+09
1.221079295999998808e+09 -3.958881023999995708e+09
1.219653119999998808e+09 -3.959312639999995708e+09
1.218226303999998569e+09 -3.959743743999995708e+09
1.216798719999998808e+09 -3.960174079999996185e+09
1.215370623999998808e+09 -3.960604159999996185e+09
1.213941887999998569e+09 -3.961033727999996185e+09
1.186673407999998569e+09 -3.969098239999995708e+09
1.185231871999998808e+09 -3.969517823999996185e+09
1.183789695999998808e+09 -3.969936639999995708e+09
1.182346879999998808e+09 -3.970354943999995708e+09
1.180903423999998569e+09 -3.970772735999996185e+09
1.179459327999998808e+09 -3.971190015999995708e+09
1.178014719999998808e+09 -3.971606783999995708e+09
1.176569343999998569e+09 -3.972023295999995708e+09
1.175123455999998569e+09 -3.972439039999995232e+09
1.173676927999998808e+09 -3.972854271999996185e+09
1.172229631999998808e+09 -3.973268991999995708e+09
1.170781823999998808e+09 -3.973683455999995708e+09
1.169333375999998808e+09 -3.974097151999995708e+09
1.167884415999998808e+09 -3.974510335999995708e+09
1.166434687999998808e+09 -3.974923007999995232e+09
1.164984447999998808e+09 -3.975335167999996185e+09
1.163533567999998808e+09 -3.975747071999996185e+09
1.162081919999998569e+09 -3.976158207999995708e+09
1.160629759999998808e+09 -3.976568831999995232e+09
1.159177087999998808e+09 -3.976978943999995708e+09
1.157723647999998808e+09 -3.977388799999995708e+09
1.156269695999998808e+09 -3.977797887999995232e+09
1.154815103999998808e+09 -3.978206463999995708e+09
1.153359871999998808e+09 -3.978614527999995708e+09
1.151903999999998808e+09 -3.979022079999995708e+09
1.150447487999998808e+09 -3.979429119999995232e+09
1.148990463999998808e+09 -3.979835647999995708e+09
1.147532799999998808e+09 -3.980241663999995232e+09
1.146074495999998808e+09 -3.980647423999996185e+09
1.144615551999998808e+09 -3.981052415999995232e+09
1.143156095999998808e+09 -3.981456895999995708e+09
1.141695999999998808e+09 -3.981860863999995708e+09
1.140235263999998808e+09 -3.982264319999995708e+09
1.138773887999998808e+09 -3.982667263999995708e+09
1.137311999999998808e+09 -3.983069695999995232e+09
1.135849471999998808e+09 -3.983471615999995708e+09
1.134386303999998808e+09 -3.983873023999995708e+09
1.132922623999998808e+09 -3.984273919999995708e+09
1.131458175999998808e+09 -3.984674303999995708e+09
1.129993215999998808e+09 -3.985073919999995232e+09
1.128527743999998808e+09 -3.985473279999996185e+09
1.127061631999998808e+09 -3.985872127999996185e+09
