-3.667486079999995828e+08 4.163319999999995232e+08
-3.674816319999996424e+08 4.164617919999995828e+08
-3.682144639999996424e+08 4.165918719999995828e+08
-3.689471039999995828e+08 4.167222079999995828e+08
-3.696795519999995828e+08 4.168527999999995828e+08
-3.704117759999995828e+08 4.169836479999995828e+08
-3.711438399999995828e+08 4.171147839999995828e+08
-3.718756799999995828e+08 4.172461439999995232e+08
-3.726073599999996424e+08 4.173777919999995232e+08
-3.733388159999995828e+08 4.175096639999995828e+08
-3.740700799999995828e+08 4.176418239999995828e+08
-3.748011199999995828e+08 4.177742079999995828e+08
-3.755319679999995828e+08 4.179068799999995828e+08
-3.762626239999996424e+08 4.180398079999995828e+08
-3.769930879999995828e+08 4.181729919999995232e+08
-3.777233599999995828e+08 4.183064319999995828e+08
-3.784534079999995828e+08 4.184401279999995232e+08
-3.791832639999995828e+08 4.185740799999995232e+08
-3.799129279999995828e+08 4.187082879999995828e+08
-3.806423679999996424e+08 4.188427839999995232e+08
-3.813716479999995828e+08 4.189775039999995828e+08
-3.821006719999995828e+08 4.191124799999995232e+08
-3.828295359999995828e+08 4.192477439999995232e+08
-3.835581759999995828e+08 4.193832319999995232e+08
-3.842865919999995828e+08 4.195190079999995232e+08
-3.850148479999995828e+08 4.196550079999995828e+08
-3.857428799999995828e+08 4.197912959999995828e+08
-3.864706879999995828e+08 4.199278399999995828e+08
-3.871983039999995828e+08 4.200646079999995232e+08
-3.879257279999995828e+08 4.202016639999995232e+08
-3.886529279999995828e+08 4.203389759999995232e+08
-3.893799359999995828e+08 4.204765439999995232e+08
-3.901067199999995828e+08 4.206143679999995828e+08
-3.908333119999995828e+08 4.207524159999995232e+08
-3.915596799999995828e+08 4.208907519999995828e+08
-3.922858559999995828e+08 4.210293439999995828e+08
-3.930118079999995828e+08 4.211681919999995232e+08
-3.937375679999995828e+08 4.213072959999995232e+08
-3.944631039999995828e+08 4.214466559999995828e+08
-3.951884479999995828e+08 4.215862719999995828e+08
-3.959135679999995828e+08 4.217261439999995232e+08
-3.966384639999995828e+08 4.218662719999995828e+08
-4.361731199999995828e+08 4.299659839999995232e+08
-4.368856319999995232e+08 4.301203519999995828e+08
-4.375979199999995232e+08 4.302749759999995828e+08
-4.383099519999995232e+08 4.304298239999995828e+08
-4.390217599999995828e+08 4.305849599999995232e+08
-4.397333439999995232e+08 4.307403199999995232e+08
-4.404447039999995232e+08 4.308959359999995232e+08
-4.411558079999995828e+08 4.310518079999995232e+08
-4.418666879999995232e+08 4.312079359999995232e+08
-4.425773119999995232e+08 4.313643199999995232e+08
-4.432877439999995232e+08 4.315209599999995232e+08
-4.439978879999995232e+08 4.316778239999995232e+08
-4.447078399999995232e+08 4.318349439999995232e+08
-4.454175359999995232e+08 4.319923519999995828e+08
-4.461269759999995232e+08 4.321499839999995232e+08
-4.468362239999995232e+08 4.323078399999995232e+08
-4.475451839999995232e+08 4.324659839999995828e+08
-4.482539519999995828e+08 4.326243839999995232e+08
-4.489624639999995232e+08 4.327830079999995232e+08
-4.496707199999995232e+08 4.329418879999995232e+08
-4.503787519999994636e+08 4.331010239999995232e+08
-4.510865599999994636e+08 4.332604159999995232e+08
-4.517941119999995232e+08 4.334200639999995232e+08
-4.525014079999994636e+08 4.335799359999995232e+08
-4.532084799999995232e+08 4.337400639999995232e+08
-4.539152959999995232e+08 4.339004479999995232e+08
-4.546218879999995232e+08 4.340610879999995828e+08
-4.553282559999995828e+08 4.342219839999995828e+08
-4.560343359999995232e+08 4.343831359999995232e+08
-4.567402239999994636e+08 4.345445119999995828e+08
-4.574458239999994636e+08 4.347061439999995232e+08
-4.581511999999994636e+08 4.348680319999995828e+08
-4.588563519999995232e+08 4.350301439999995828e+08
-4.595612479999995232e+08 4.351925439999995232e+08
-4.602658879999995232e+08 4.353551679999995232e+08
-4.609702719999995232e+08 4.355180479999995232e+08
-4.743068479999994636e+08 4.386600319999995232e+08
-4.750062719999995232e+08 4.388278719999995232e+08
-4.757054719999994636e+08 4.389959679999995232e+08
-4.764043839999995232e+08 4.391643199999995232e+08
-4.771030399999995232e+08 4.393328959999995232e+08
-4.778014719999994636e+08 4.395017279999995232e+08
-4.784996159999994636e+08 4.396708159999995232e+08
-4.791975359999994636e+08 4.398401279999995232e+08
-4.798951679999995232e+08 4.400097279999995232e+08
-4.805925759999994636e+08 4.401795519999995232e+08
-4.812896959999994636e+08 4.403495999999995232e+08
-4.819865919999994636e+08 4.405199359999995232e+08
-4.826832319999995232e+08 4.406904959999995232e+08
-4.833795839999995232e+08 4.408612799999995232e+08
-4.840757119999994636e+08 4.410323519999995828e+08
-4.847715519999995232e+08 4.412036479999995232e+08
-4.854671679999994636e+08 4.413751999999995232e+08
-4.861624959999994636e+08 4.415469759999995232e+08
-4.868575679999994636e+08 4.417190079999995232e+08
-4.875524159999994636e+08 4.418912959999995232e+08
-4.882469759999994636e+08 4.420638399999995232e+08
-4.889412799999994636e+08 4.422366079999995828e+08
-4.896353279999994636e+08 4.424096319999995232e+08
-4.903290879999995232e+08 4.425828799999995232e+08
-4.910226239999995232e+08 4.427564159999995232e+08
-4.917158719999995232e+08 4.429301759999995232e+08
-4.924088959999994636e+08 4.431041599999995232e+08
-4.931016319999995232e+08 4.432783999999995232e+08
-4.937941119999995232e+08 4.434528959999995232e+08
-4.944863039999994636e+08 4.436276479999994636e+08
-4.951782719999995232e+08 4.438026239999995232e+08
-4.958699519999994636e+08 4.439778239999995232e+08
-4.965613759999995232e+08 4.441533119999995232e+08
-4.972525439999994636e+08 4.443290239999995828e+08
-4.979434239999994636e+08 4.445049919999995232e+08
-4.986340479999994636e+08 4.446811839999995232e+08
-4.993244159999995232e+08 4.448576319999995232e+08
-5.000145279999994636e+08 4.450343039999995232e+08
-5.007043519999994636e+08 4.452112639999994636e+08
-5.013939199999994040e+08 4.453884479999995232e+08
-5.020832319999994636e+08 4.455658559999995232e+08
-5.027722559999995232e+08 4.457435199999995232e+08
-5.034610239999994040e+08 4.459214399999995232e+08
-5.041495039999995232e+08 4.460995839999995828e+08
-5.048377599999995232e+08 4.462779839999995232e+08
-5.055257279999994040e+08 4.464566399999995232e+08
-5.062134079999995232e+08 4.466355199999995232e+08
-5.069008319999995232e+08 4.468146239999995232e+08
-5.075879999999994040e+08 4.469940159999995232e+08
-5.082748799999995232e+08 4.471736319999995828e+08
-5.089614719999994040e+08 4.473534719999994636e+08
-5.096478399999994636e+08 4.475335679999994636e+08
-5.103339199999995232e+08 4.477139199999995232e+08
-5.110197119999994040e+08 4.478944959999995232e+08
-5.722447999999994040e+08 4.653300799999995232e+08
-5.729041279999994040e+08 4.655325759999995232e+08
-5.735630719999994040e+08 4.657352639999995232e+08
-5.742217599999994040e+08 4.659382079999994636e+08
-5.748801279999994040e+08 4.661413759999995232e+08
-5.755382399999994040e+08 4.663447679999995232e+08
-5.761960319999994040e+08 4.665484159999995232e+08
-5.768534399999994040e+08 4.667522879999995232e+08
-5.775105919999994040e+08 4.669563839999995232e+08
-5.781674879999994040e+08 4.671607039999995232e+08
-5.788239999999994040e+08 4.673652799999995232e+08
-5.794802559999994040e+08 4.675700799999994636e+08
-5.801361919999994040e+08 4.677751039999995232e+08
-5.807918079999994040e+08 4.679803839999995232e+08
-5.814471039999994040e+08 4.681858559999994636e+08
-5.821020799999992847e+08 4.683915839999994636e+08
-5.827567999999992847e+08 4.685975359999995232e+08
-5.834111359999994040e+08 4.688037439999995232e+08
-5.840652159999992847e+08 4.690101439999994636e+08
-5.847189759999994040e+08 4.692167999999995232e+08
-5.853724159999994040e+08 4.694236799999995232e+08
-5.860255359999994040e+08 4.696307839999995232e+08
-5.866783999999994040e+08 4.698381439999995232e+08
-5.873308799999994040e+08 4.700457279999995232e+08
-5.879831039999994040e+08 4.702535359999994636e+08
-5.886350079999994040e+08 4.704615679999995232e+08
-5.892865279999994040e+08 4.706698239999994636e+08
-5.899377919999994040e+08 4.708783039999995232e+08
-5.905887359999994040e+08 4.710870399999995232e+08
-5.912394239999994040e+08 4.712959999999995232e+08
-5.918897279999994040e+08 4.715051839999995232e+08
-5.925397119999994040e+08 4.717145919999994636e+08
-5.931894399999994040e+08 4.719242559999995232e+08
-5.938387839999992847e+08 4.721341119999994636e+08
-5.944878079999994040e+08 4.723442239999995232e+08
-5.951365759999994040e+08 4.725545599999995232e+08
-5.957850239999994040e+08 4.727651199999995232e+08
-5.964331519999994040e+08 4.729759359999995232e+08
-5.970808959999992847e+08 4.731869439999994636e+08
-5.977283839999994040e+08 4.733982079999995232e+08
-5.983755519999994040e+08 4.736096639999995232e+08
-5.990223999999994040e+08 4.738213759999995232e+08
-5.996689279999994040e+08 4.740333119999994636e+08
-6.003150719999994040e+08 4.742455039999994636e+08
-6.009609599999992847e+08 4.744578879999994636e+08
-6.016065279999994040e+08 4.746704959999995232e+08
-6.022517759999994040e+08 4.748833599999995232e+08
-6.028967039999994040e+08 4.750964479999994636e+08
-6.528045439999992847e+08 4.926407039999995232e+08
-6.534227199999992847e+08 4.928716479999994040e+08
-6.540405759999992847e+08 4.931028159999995232e+08
-6.546581119999992847e+08 4.933342079999995232e+08
-6.552752639999992847e+08 4.935658239999994636e+08
-6.558920319999992847e+08 4.937976319999994636e+08
-6.565085439999994040e+08 4.940296959999995232e+08
-6.571246719999992847e+08 4.942619519999994636e+08
-6.577404159999992847e+08 4.944944319999995232e+08
-6.583558399999992847e+08 4.947271039999994636e+08
-6.589708799999992847e+08 4.949600319999995232e+08
-6.595855999999992847e+08 4.951931839999995232e+08
-6.601999999999992847e+08 4.954265279999994040e+08
-6.608139519999992847e+08 4.956600959999994636e+08
-6.614276479999992847e+08 4.958938559999994636e+08
-6.620409599999992847e+08 4.961278719999994636e+08
-6.626538879999992847e+08 4.963620799999994040e+08
-6.632664959999992847e+08 4.965965119999995232e+08
-6.638787839999992847e+08 4.968311679999994636e+08
-6.644906879999992847e+08 4.970660159999994636e+08
-6.651022079999992847e+08 4.973011199999995232e+08
-6.657134079999992847e+08 4.975364159999994636e+08
-6.663242879999992847e+08 4.977719359999994636e+08
-6.669347199999992847e+08 4.980076479999994636e+08
-6.675448959999992847e+08 4.982435839999994636e+08
-6.681546239999992847e+08 4.984797759999994636e+08
-6.687640959999992847e+08 4.987161279999995232e+08
-6.693731199999992847e+08 4.989527359999995232e+08
-6.699818239999992847e+08 4.991895359999995232e+08
-6.705902079999992847e+08 4.994265599999995232e+08
-6.711982079999992847e+08 4.996638079999995232e+08
-6.718058239999992847e+08 4.999012479999994636e+08
-6.724131199999992847e+08 5.001389119999994636e+08
-6.730200319999992847e+08 5.003767999999994040e+08
-6.736266239999992847e+08 5.006149119999994636e+08
-6.742328319999992847e+08 5.008532159999994636e+08
-6.748386559999992847e+08 5.010917439999995232e+08
-6.754441599999992847e+08 5.013304959999994636e+08
-6.760492799999992847e+08 5.015694399999994636e+08
-6.766540799999992847e+08 5.018086079999995232e+08
-6.772584959999992847e+08 5.020479999999994636e+08
-6.778625279999992847e+08 5.022875839999994636e+08
-6.784662399999992847e+08 5.025273919999994636e+08
-6.790695679999992847e+08 5.027674239999994636e+08
-6.796725119999992847e+08 5.030076479999995232e+08
-6.802751359999992847e+08 5.032480959999995232e+08
-6.808773759999992847e+08 5.034887679999994636e+08
-6.814792319999992847e+08 5.037296319999994636e+08
-6.820807679999992847e+08 5.039707199999994636e+08
-6.826819199999992847e+08 5.042120319999994636e+08
-6.832827519999992847e+08 5.044535359999995232e+08
-6.838831999999992847e+08 5.046952639999994636e+08
-6.844832639999992847e+08 5.049372159999994636e+08
-6.850829439999992847e+08 5.051793599999995232e+08
-6.856823039999992847e+08 5.054217279999994636e+08
-6.862812799999992847e+08 5.056642879999995232e+08
-6.868798719999991655e+08 5.059070719999994636e+08
-6.874781439999992847e+08 5.061500799999994636e+08
-6.880759679999992847e+08 5.063932799999995232e+08
-6.886735359999992847e+08 5.066367039999994636e+08
-6.999563519999992847e+08 5.113016639999994636e+08
-7.005464959999992847e+08 5.115493119999994636e+08
-7.011362559999992847e+08 5.117971199999994636e+08
-7.017256319999992847e+08 5.120451519999994636e+08
-7.023146879999992847e+08 5.122934079999994040e+08
-7.029032959999992847e+08 5.125418559999994636e+08
-7.034915839999992847e+08 5.127905279999994636e+08
-7.040794239999992847e+08 5.130393919999994040e+08
-7.046669439999991655e+08 5.132884799999994636e+08
-7.052540799999992847e+08 5.135377599999994636e+08
-7.058408959999992847e+08 5.137872319999994636e+08
-7.064272639999992847e+08 5.140369599999994636e+08
-7.070133119999992847e+08 5.142868479999994040e+08
-7.075989119999992847e+08 5.145369599999994040e+08
-7.081841919999992847e+08 5.147872959999994040e+08
-7.087690879999991655e+08 5.150378239999994636e+08
-7.093535999999992847e+08 5.152885439999994636e+08
-7.099377279999992847e+08 5.155394879999994636e+08
-7.105214719999991655e+08 5.157906559999994636e+08
-7.111048319999992847e+08 5.160420159999994636e+08
-7.116878719999992847e+08 5.162935679999994636e+08
-7.122704639999992847e+08 5.165453119999994636e+08
-7.128527359999992847e+08 5.167973119999994040e+08
-7.134345599999992847e+08 5.170494719999994040e+08
-7.140160639999992847e+08 5.173018559999994040e+08
-7.145971839999991655e+08 5.175544639999994636e+08
-7.151779199999992847e+08 5.178072639999994636e+08
-7.157582719999992847e+08 5.180602559999994636e+08
-7.163381759999992847e+08 5.183134719999994040e+08
-7.169177599999992847e+08 5.185668799999994040e+08
-7.278570879999991655e+08 5.234204479999994040e+08
-7.284289919999992847e+08 5.236779199999994636e+08
-7.290005119999992847e+08 5.239356159999994040e+08
-7.295716479999992847e+08 5.241935039999994636e+08
-7.301423359999991655e+08 5.244515839999994636e+08
-7.307127039999992847e+08 5.247098879999994040e+08
-7.312826879999992847e+08 5.249683839999994636e+08
-7.318522239999992847e+08 5.252270719999994040e+08
-7.324214399999991655e+08 5.254859519999994040e+08
-7.329902079999992847e+08 5.257450559999994636e+08
-7.335585919999991655e+08 5.260043519999994040e+08
-7.341265919999991655e+08 5.262638399999994040e+08
-7.346942719999991655e+08 5.265235519999994636e+08
-7.352615039999991655e+08 5.267834559999994040e+08
-7.358283519999992847e+08 5.270435519999994636e+08
-7.363947519999991655e+08 5.273038399999994636e+08
-7.369608319999991655e+08 5.275643519999994040e+08
-7.375265279999991655e+08 5.278250559999994636e+08
-7.380917759999991655e+08 5.280859519999994636e+08
-7.386566399999991655e+08 5.283470719999994040e+08
-7.392211199999991655e+08 5.286083519999994040e+08
-7.397852159999991655e+08 5.288698559999994636e+08
-7.403489279999991655e+08 5.291315519999994636e+08
-7.409122559999992847e+08 5.293934719999994040e+08
-7.414751359999992847e+08 5.296555519999994040e+08
-7.420376959999991655e+08 5.299178559999994636e+08
-7.425998079999991655e+08 5.301803519999994636e+08
-7.431615359999992847e+08 5.304430399999994040e+08
-7.437228799999991655e+08 5.307059519999994040e+08
-7.442838399999991655e+08 5.309690239999994040e+08
-7.448443519999991655e+08 5.312323199999994636e+08
-7.454045439999991655e+08 5.314958079999994636e+08
-7.459642879999992847e+08 5.317594879999994636e+08
-7.465236479999991655e+08 5.320233599999994636e+08
-7.470825599999992847e+08 5.322874559999994636e+08
-7.476411519999992847e+08 5.325517439999994040e+08
-7.481992959999991655e+08 5.328162239999994040e+08
-7.487570559999991655e+08 5.330808959999994040e+08
-7.493144319999992847e+08 5.333457599999994040e+08
-7.498714239999992847e+08 5.336108159999994636e+08
-7.504279679999991655e+08 5.338760959999994636e+08
-7.509841279999991655e+08 5.341415359999994636e+08
-7.809504639999991655e+08 5.490407679999994040e+08
-7.814838399999991655e+08 5.493169919999994040e+08
-7.820167679999991655e+08 5.495934079999994040e+08
-7.825493119999991655e+08 5.498700799999994040e+08
-7.830814079999991655e+08 5.501468799999994040e+08
-7.836131199999991655e+08 5.504238719999994040e+08
-7.841443839999991655e+08 5.507010559999994040e+08
-7.846752639999991655e+08 5.509784319999994040e+08
-7.852056959999991655e+08 5.512559999999994040e+08
-7.857357439999991655e+08 5.515337599999994040e+08
-7.862653439999991655e+08 5.518117119999994040e+08
-7.867945599999991655e+08 5.520898559999994040e+08
-7.873233279999991655e+08 5.523681279999994040e+08
-7.878516479999991655e+08 5.526466559999994040e+08
-7.883795839999991655e+08 5.529253759999994040e+08
-7.889071359999991655e+08 5.532042239999994040e+08
-7.894342399999991655e+08 5.534832639999994040e+08
-7.899608959999991655e+08 5.537625599999994040e+08
-7.904871679999991655e+08 5.540419839999994040e+08
-7.910129919999991655e+08 5.543215999999994040e+08
-7.915383679999991655e+08 5.546014079999994040e+08
-7.920634239999991655e+08 5.548814079999994040e+08
-7.925879679999991655e+08 5.551615999999994040e+08
-7.931121279999991655e+08 5.554419199999994040e+08
-7.936358399999991655e+08 5.557224959999994040e+08
-7.941591679999991655e+08 5.560031999999994040e+08
-7.946820479999991655e+08 5.562841599999994040e+08
-7.952044799999991655e+08 5.565652479999994040e+08
-7.957265279999991655e+08 5.568465279999994040e+08
-7.962481919999991655e+08 5.571279999999994040e+08
-7.967693439999991655e+08 5.574096639999994040e+08
-7.972901119999991655e+08 5.576915199999994040e+08
-7.978104959999991655e+08 5.579735679999994040e+08
-7.983303679999991655e+08 5.582557439999994040e+08
-7.988499199999991655e+08 5.585381759999994040e+08
-7.993689599999991655e+08 5.588207359999994040e+08
-7.998876159999991655e+08 5.591034879999994040e+08
-8.004058239999991655e+08 5.593864319999994040e+08
-8.009236479999991655e+08 5.596695679999994040e+08
-8.014410239999991655e+08 5.599528959999994040e+08
-8.019579519999991655e+08 5.602363519999994040e+08
-8.024744959999991655e+08 5.605200639999994040e+08
-8.029905919999991655e+08 5.608039039999994040e+08
-8.035062399999991655e+08 5.610879359999994040e+08
-8.040214399999991655e+08 5.613721599999994040e+08
-8.045362559999990463e+08 5.616565759999994040e+08
-8.050506239999991655e+08 5.619411839999994040e+08
-8.055646079999991655e+08 5.622259199999994040e+08
-8.152480639999991655e+08 5.676709119999994040e+08
-8.157533439999991655e+08 5.679592319999994040e+08
-8.162583039999991655e+08 5.682478079999994040e+08
-8.167627519999990463e+08 5.685365119999994040e+08
-8.172667519999991655e+08 5.688254719999994040e+08
-8.177703679999990463e+08 5.691145599999994040e+08
-8.182735359999991655e+08 5.694038399999994040e+08
-8.187762559999991655e+08 5.696932479999994040e+08
-8.192785919999991655e+08 5.699828479999994040e+08
-8.197804159999991655e+08 5.702727039999994040e+08
-8.202818559999990463e+08 5.705626239999994040e+08
-8.207828479999991655e+08 5.708527999999994040e+08
-8.212833919999990463e+08 5.711431039999994040e+08
-8.217834879999990463e+08 5.714336639999994040e+08
-8.222831359999990463e+08 5.717242879999994040e+08
-8.227823999999990463e+08 5.720151679999994040e+08
-8.232812159999991655e+08 5.723062399999994040e+08
-8.237795839999991655e+08 5.725974399999994040e+08
-8.242775039999991655e+08 5.728888319999994040e+08
-8.247749759999991655e+08 5.731804159999994040e+08
-8.252719999999991655e+08 5.734721279999994040e+08
-8.257686399999991655e+08 5.737640319999994040e+08
-8.262648319999991655e+08 5.740561279999994040e+08
-8.267605119999991655e+08 5.743484159999994040e+08
-8.272558079999991655e+08 5.746408319999994040e+08
-8.277506559999990463e+08 5.749334399999994040e+08
-8.282450559999991655e+08 5.752262399999994040e+08
-8.287390719999991655e+08 5.755192319999994040e+08
-8.292325759999991655e+08 5.758123519999994040e+08
-8.297256959999991655e+08 5.761056639999994040e+08
-8.302183039999990463e+08 5.763991679999992847e+08
-8.307105279999990463e+08 5.766928639999994040e+08
-8.312023039999990463e+08 5.769866879999994040e+08
-8.316936319999991655e+08 5.772807039999994040e+08
-8.321845119999990463e+08 5.775749119999994040e+08
-8.326749439999991655e+08 5.778692479999994040e+08
-8.331649279999991655e+08 5.781637759999994040e+08
-8.336544639999990463e+08 5.784584959999994040e+08
-8.341435519999991655e+08 5.787533439999994040e+08
-8.346322559999991655e+08 5.790483839999994040e+08
-8.351205119999991655e+08 5.793436159999994040e+08
-8.356082559999991655e+08 5.796390399999994040e+08
-8.360955519999991655e+08 5.799345919999994040e+08
-8.365824639999990463e+08 5.802303359999994040e+08
-8.370689279999991655e+08 5.805262719999994040e+08
-8.375549439999990463e+08 5.808223359999994040e+08
-8.380404479999990463e+08 5.811185919999994040e+08
-8.385255679999990463e+08 5.814150399999994040e+08
-9.672332159999990463e+08 6.817833599999992847e+08
-9.675669119999989271e+08 6.821255039999992847e+08
-9.679000959999990463e+08 6.824677119999992847e+08
-9.682327679999989271e+08 6.828099839999992847e+08
-9.685649279999989271e+08 6.831524479999992847e+08
-9.688965759999989271e+08 6.834949759999992847e+08
-9.692277119999990463e+08 6.838376959999992847e+08
-9.695583359999989271e+08 6.841804799999992847e+08
-9.698883839999990463e+08 6.845233919999992847e+08
-9.702179839999989271e+08 6.848664319999992847e+08
-9.705470719999989271e+08 6.852095359999992847e+08
-9.708755839999990463e+08 6.855528319999992847e+08
-9.712036479999989271e+08 6.858961919999992847e+08
-9.715311359999989271e+08 6.862396799999992847e+08
-9.718581119999989271e+08 6.865832959999992847e+08
-9.721845759999990463e+08 6.869269759999992847e+08
-9.725105919999989271e+08 6.872708479999992847e+08
-9.728360319999989271e+08 6.876147839999992847e+08
-9.731609599999990463e+08 6.879588479999992847e+08
-9.734853759999989271e+08 6.883030399999992847e+08
-9.738092799999989271e+08 6.886473599999992847e+08
-9.741326079999989271e+08 6.889917439999992847e+08
-9.744554879999990463e+08 6.893362559999992847e+08
-9.747777919999989271e+08 6.896808959999992847e+08
-9.750996479999989271e+08 6.900256639999992847e+08
-9.754209279999990463e+08 6.903705599999992847e+08
-9.757416959999989271e+08 6.907155199999992847e+08
-9.760620159999990463e+08 6.910606079999992847e+08
-9.763817599999989271e+08 6.914058239999992847e+08
-9.767009279999989271e+08 6.917511679999992847e+08
-9.770196479999989271e+08 6.920965759999992847e+08
-9.773378559999989271e+08 6.924421119999992847e+08
-9.776554879999989271e+08 6.927877759999992847e+08
-9.779726719999990463e+08 6.931335679999992847e+08
-9.782892799999990463e+08 6.934794239999992847e+08
-9.786053759999990463e+08 6.938254079999991655e+08
-9.789210239999989271e+08 6.941715199999992847e+08
-9.792360319999989271e+08 6.945177599999992847e+08
-9.795505919999989271e+08 6.948640639999992847e+08
-9.798646399999989271e+08 6.952104959999992847e+08
-9.801781119999990463e+08 6.955570559999992847e+08
-9.804911359999990463e+08 6.959037439999992847e+08
-9.808035839999990463e+08 6.962504959999992847e+08
-9.811155199999989271e+08 6.965973759999992847e+08
-9.814269439999988079e+08 6.969443839999992847e+08
-9.817378559999988079e+08 6.972914559999992847e+08
-9.820481919999989271e+08 6.976387199999992847e+08
-9.823580799999990463e+08 6.979860479999992847e+08
-9.826673919999990463e+08 6.983334399999992847e+08
-9.829761919999989271e+08 6.986810239999992847e+08
-9.832844799999989271e+08 6.990286719999992847e+08
-9.835922559999989271e+08 6.993763839999992847e+08
-9.838994559999989271e+08 6.997242879999992847e+08
-9.842062079999990463e+08 7.000722559999992847e+08
-1.000265151999999046e+09 7.193726719999992847e+08
-1.000542335999998927e+09 7.197264639999992847e+08
-1.000818943999998927e+09 7.200803199999992847e+08
-1.001095039999998927e+09 7.204342399999992847e+08
-1.001370623999999046e+09 7.207882879999991655e+08
-1.001645695999998927e+09 7.211424639999992847e+08
-1.001920191999999046e+09 7.214967039999991655e+08
-1.002194111999998927e+09 7.218510719999992847e+08
-1.002467583999998927e+09 7.222055039999991655e+08
-1.002740479999998927e+09 7.225599999999991655e+08
-1.003012863999999046e+09 7.229146879999992847e+08
-1.003284671999998927e+09 7.232693759999992847e+08
-1.003555967999998927e+09 7.236241919999991655e+08
-1.003826751999998808e+09 7.239791359999992847e+08
-1.004097023999998927e+09 7.243341439999992847e+08
-1.004366719999998927e+09 7.246892799999991655e+08
-1.004635839999998927e+09 7.250444799999991655e+08
-1.004904511999999046e+09 7.253998079999992847e+08
-1.005172607999999046e+09 7.257551999999992847e+08
-1.005440191999998927e+09 7.261106559999992847e+08
-1.005707199999999046e+09 7.264662399999992847e+08
-1.005973695999999046e+09 7.268219519999992847e+08
-1.006239679999998808e+09 7.271777279999992847e+08
-1.006505087999999046e+09 7.275335679999992847e+08
-1.006769983999998927e+09 7.278895359999992847e+08
-1.007034303999998808e+09 7.282455679999991655e+08
-1.007298175999998927e+09 7.286017279999991655e+08
-1.007561407999998927e+09 7.289580159999991655e+08
-1.007824191999999046e+09 7.293143039999992847e+08
-1.008086399999998927e+09 7.296707839999992847e+08
-1.008348095999998927e+09 7.300272639999991655e+08
-1.008609215999998927e+09 7.303838719999992847e+08
-1.008869823999998927e+09 7.307406079999992847e+08
-1.009129855999998927e+09 7.310974079999991655e+08
-1.009389439999998927e+09 7.314542719999992847e+08
-1.009648383999998808e+09 7.318112639999991655e+08
-1.009906879999999046e+09 7.321683199999992847e+08
-1.010164799999998808e+09 7.325255039999992847e+08
-1.010422143999998927e+09 7.328827519999991655e+08
-1.010679039999998927e+09 7.332401279999992847e+08
-1.010935359999998927e+09 7.335975679999991655e+08
-1.011191103999998927e+09 7.339550719999992847e+08
-1.011446335999998808e+09 7.343127039999991655e+08
-1.011701055999998927e+09 7.346703999999991655e+08
-1.011955199999999046e+09 7.350282239999992847e+08
-1.012208831999998927e+09 7.353861119999991655e+08
-1.012461887999998808e+09 7.357440639999991655e+08
-1.012714431999998927e+09 7.361021439999992847e+08
-1.044597759999998927e+09 7.910837759999991655e+08
-1.044767039999998808e+09 7.914531839999991655e+08
-1.044935807999998808e+09 7.918226559999991655e+08
-1.045103999999998927e+09 7.921921919999991655e+08
-1.045271679999998927e+09 7.925617919999991655e+08
-1.045438783999998927e+09 7.929314559999991655e+08
-1.045605311999998808e+09 7.933011839999991655e+08
-1.045771263999998808e+09 7.936709759999991655e+08
-1.045936703999998927e+09 7.940407679999991655e+08
-1.046101567999998808e+09 7.944106879999991655e+08
-1.046265919999998808e+09 7.947806079999991655e+08
-1.046429631999998927e+09 7.951505919999991655e+08
-1.046592831999998927e+09 7.955207039999991655e+08
-1.046755519999998927e+09 7.958908159999991655e+08
-1.046917567999998808e+09 7.962609919999991655e+08
-1.047079103999998808e+09 7.966312319999991655e+08
-1.047240063999998927e+09 7.970015359999991655e+08
-1.047400511999998808e+09 7.973718399999991655e+08
-1.047560383999998808e+09 7.977422719999991655e+08
-1.047719679999998927e+09 7.981127039999991655e+08
-1.047878399999998927e+09 7.984832639999991655e+08
-1.048036607999998927e+09 7.988538239999991655e+08
-1.048194239999998808e+09 7.992244479999991655e+08
-1.048351295999998808e+09 7.995951359999991655e+08
-1.048507839999998927e+09 7.999658879999991655e+08
-1.048663807999998808e+09 8.003366399999991655e+08
-1.048819199999998927e+09 8.007075199999991655e+08
-1.048974079999998927e+09 8.010783999999991655e+08
-1.049128319999998927e+09 8.014494079999990463e+08
-1.049282047999998808e+09 8.018204159999991655e+08
-1.049435199999998927e+09 8.021914879999991655e+08
-1.049587839999998927e+09 8.025626239999991655e+08
-1.049739903999998808e+09 8.029337599999991655e+08
-1.049891391999998808e+09 8.033050239999991655e+08
-1.050042303999998808e+09 8.036762879999991655e+08
-1.050192703999998927e+09 8.040476159999991655e+08
-1.050342527999998927e+09 8.044190079999991655e+08
-1.050491775999998808e+09 8.047904639999991655e+08
-1.050640511999998927e+09 8.051619839999991655e+08
-1.050788671999998927e+09 8.055335039999991655e+08
-1.050936255999998808e+09 8.059050879999991655e+08
-1.051083263999998808e+09 8.062767999999991655e+08
-1.051229759999998927e+09 8.066484479999991655e+08
-1.051375615999998808e+09 8.070202239999991655e+08
-1.051520959999998808e+09 8.073920639999991655e+08
-1.051665791999998927e+09 8.077639039999991655e+08
-1.051810047999998808e+09 8.081358079999991655e+08
-1.051953663999998927e+09 8.085077759999990463e+08
-1.052096831999998808e+09 8.088798079999991655e+08
-1.052239359999998808e+09 8.092518399999991655e+08
-1.052381375999998808e+09 8.096239359999991655e+08
-1.052522815999998808e+09 8.099960959999990463e+08
-1.052663679999998808e+09 8.103683199999991655e+08
-1.052803967999998927e+09 8.107406079999991655e+08
-1.052943743999998927e+09 8.111128959999991655e+08
-1.053082943999998927e+09 8.114852479999991655e+08
-1.053221567999998927e+09 8.118576639999991655e+08
-1.053359615999998927e+09 8.122301439999991655e+08
-1.053497151999998808e+09 8.126026239999991655e+08
-1.053634111999998927e+09 8.129752319999991655e+08
-1.056129727999998808e+09 8.200627839999990463e+08
-1.056255487999998927e+09 8.204362239999991655e+08
-1.056380671999998927e+09 8.208097919999990463e+08
-1.056505279999998927e+09 8.211833599999991655e+08
-1.056629311999998927e+09 8.215569919999990463e+08
-1.056752831999998927e+09 8.219306239999991655e+08
-1.056875775999998808e+09 8.223043199999991655e+08
-1.056998079999998927e+09 8.226780799999991655e+08
-1.057119935999998927e+09 8.230519039999991655e+08
-1.057241151999998927e+09 8.234257279999991655e+08
-1.057361855999998927e+09 8.237996159999991655e+08
-1.057481919999998808e+09 8.241735039999991655e+08
-1.057601471999998808e+09 8.245474559999991655e+08
-1.057720511999998808e+09 8.249214719999991655e+08
-1.057838911999998808e+09 8.252955519999991655e+08
-1.057956799999998808e+09 8.256696319999990463e+08
-1.058074111999998927e+09 8.260437759999991655e+08
-1.058190847999998927e+09 8.264179199999991655e+08
-1.058307007999998927e+09 8.267921279999990463e+08
-1.058422655999998808e+09 8.271663999999990463e+08
-1.058537727999998808e+09 8.275406719999991655e+08
-1.058652159999998927e+09 8.279150079999990463e+08
-1.058766143999998927e+09 8.282894079999991655e+08
-1.058879487999998927e+09 8.286638079999990463e+08
-1.058992255999998927e+09 8.290382719999991655e+08
-1.059104511999998927e+09 8.294127999999990463e+08
-1.059216191999998808e+09 8.297873279999990463e+08
-1.059327295999998927e+09 8.301618559999991655e+08
-1.059437887999998808e+09 8.305365119999990463e+08
-1.059547839999998927e+09 8.309111679999991655e+08
-1.059657279999998927e+09 8.312858239999991655e+08
-1.059766143999998808e+09 8.316605439999991655e+08
-1.059874431999998927e+09 8.320353279999990463e+08
-1.059982143999998808e+09 8.324101759999991655e+08
-1.060089343999998927e+09 8.327850239999991655e+08
-1.060195903999998927e+09 8.331598719999990463e+08
-1.060301951999998808e+09 8.335347839999991655e+08
-1.060407487999998927e+09 8.339097599999991655e+08
-1.060512383999998927e+09 8.342847359999990463e+08
-1.060616703999998927e+09 8.346597759999991655e+08
-1.060720511999998808e+09 8.350348799999991655e+08
-1.060823743999998927e+09 8.354099839999991655e+08
-1.060926399999998927e+09 8.357850879999991655e+08
-1.061028479999998927e+09 8.361602559999990463e+08
-1.061129983999998808e+09 8.365354879999991655e+08
-1.061230975999998808e+09 8.369107199999990463e+08
-1.061331391999998927e+09 8.372860159999990463e+08
-1.061431231999998808e+09 8.376613759999991655e+08
-1.061530495999998808e+09 8.380367359999991655e+08
-1.061629183999998927e+09 8.384120959999990463e+08
-1.061727359999998927e+09 8.387875199999991655e+08
-1.061824895999998808e+09 8.391630079999991655e+08
-1.061921919999998927e+09 8.395384959999990463e+08
-1.062018367999998808e+09 8.399139839999990463e+08
-1.062114239999998927e+09 8.402895999999991655e+08
-1.062209599999998927e+09 8.406651519999990463e+08
-1.062304319999998927e+09 8.410408319999991655e+08
-1.062398527999998927e+09 8.414164479999990463e+08
-1.062492159999998927e+09 8.417921919999991655e+08
-1.062585215999998808e+09 8.421678719999990463e+08
-1.066832063999998808e+09 8.628780159999990463e+08
-1.066893439999998808e+09 8.632552959999991655e+08
-1.066954239999998927e+09 8.636325759999991655e+08
-1.067014463999998927e+09 8.640098559999990463e+08
-1.067074111999998927e+09 8.643871999999990463e+08
-1.067133183999998927e+09 8.647645439999990463e+08
-1.067191679999998927e+09 8.651418879999991655e+08
-1.067249663999998808e+09 8.655192959999990463e+08
-1.067307007999998808e+09 8.658967039999990463e+08
-1.067363839999998808e+09 8.662741119999991655e+08
-1.067420095999998808e+09 8.666515839999990463e+08
-1.067475711999998808e+09 8.670290559999990463e+08
-1.067530879999998927e+09 8.674065279999990463e+08
-1.067585407999998927e+09 8.677840639999990463e+08
-1.067639359999998808e+09 8.681615359999991655e+08
-1.067692799999998927e+09 8.685391359999990463e+08
-1.067745599999998927e+09 8.689166719999990463e+08
-1.067797887999998808e+09 8.692942719999990463e+08
-1.067849599999998808e+09 8.696718719999991655e+08
-1.067900735999998927e+09 8.700494719999990463e+08
-1.067951295999998808e+09 8.704271359999991655e+08
-1.068001279999998927e+09 8.708047359999990463e+08
-1.068050687999998808e+09 8.711823999999990463e+08
-1.068099583999998808e+09 8.715601279999990463e+08
-1.068147903999998927e+09 8.719377919999990463e+08
-1.068195583999998808e+09 8.723155199999990463e+08
-1.068242751999998927e+09 8.726933119999991655e+08
-1.068289343999998808e+09 8.730710399999991655e+08
-1.068335359999998808e+09 8.734488319999990463e+08
-1.068380799999998927e+09 8.738266239999990463e+08
-1.068425727999998808e+09 8.742044159999991655e+08
-1.068470015999998927e+09 8.745822079999990463e+08
-1.068513791999998808e+09 8.749600639999990463e+08
-1.068556991999998808e+09 8.753379199999990463e+08
-1.068599551999998927e+09 8.757157759999990463e+08
-1.068641599999998927e+09 8.760936319999990463e+08
-1.068683135999998927e+09 8.764715519999990463e+08
-1.068724031999998927e+09 8.768494719999990463e+08
-1.068764351999998927e+09 8.772273919999990463e+08
-1.068804095999998808e+09 8.776053119999990463e+08
-1.068843327999998808e+09 8.779832959999990463e+08
-1.068881983999998927e+09 8.783612799999991655e+08
-1.068919999999998808e+09 8.787391999999990463e+08
-1.068957503999998808e+09 8.791172479999990463e+08
-1.068994431999998808e+09 8.794952319999990463e+08
-1.069030847999998927e+09 8.798732799999990463e+08
-1.069066623999998808e+09 8.802512639999990463e+08
-1.069101823999998808e+09 8.806293119999990463e+08
-1.069136511999998808e+09 8.810073599999990463e+08
-1.069170559999998927e+09 8.813854719999990463e+08
-1.069204095999998927e+09 8.817635199999990463e+08
-1.069237055999998808e+09 8.821416319999991655e+08
-1.069269439999998927e+09 8.825197439999990463e+08
-1.069301247999998808e+09 8.828978559999990463e+08
-1.067123903999998927e+09 9.430253439999990463e+08
-1.067064703999998808e+09 9.434026879999990463e+08
-1.067004991999998808e+09 9.437800319999989271e+08
-1.066944703999998808e+09 9.441573119999989271e+08
-1.066883839999998808e+09 9.445345919999990463e+08
-1.066822399999998808e+09 9.449118719999989271e+08
-1.066760383999998927e+09 9.452890879999989271e+08
-1.066697791999998927e+09 9.456663039999990463e+08
-1.066634623999998808e+09 9.460435199999990463e+08
-1.066570943999998808e+09 9.464206719999990463e+08
-1.066506687999998808e+09 9.467978239999989271e+08
-1.066441791999998927e+09 9.471749119999990463e+08
-1.066376383999998927e+09 9.475520639999990463e+08
-1.066310463999998808e+09 9.479290879999990463e+08
-1.066243903999998808e+09 9.483061759999990463e+08
-1.066176767999998808e+09 9.486831999999989271e+08
-1.066109119999998927e+09 9.490602239999989271e+08
-1.066040831999998927e+09 9.494371839999990463e+08
-1.065972031999998808e+09 9.498141439999989271e+08
-1.065902655999998808e+09 9.501910399999990463e+08
-1.065832703999998808e+09 9.505679999999989271e+08
-1.065762175999998808e+09 9.509448319999990463e+08
-1.065691135999998808e+09 9.513217279999989271e+08
-1.065619455999998927e+09 9.516985599999989271e+08
-1.065547263999998808e+09 9.520753279999989271e+08
-1.065474495999998927e+09 9.524521599999990463e+08
-1.065401151999998808e+09 9.528288639999990463e+08
-1.065327231999998808e+09 9.532056319999990463e+08
-1.065252735999998927e+09 9.535823359999990463e+08
-1.065177727999998927e+09 9.539589759999990463e+08
-1.065102079999998927e+09 9.543356799999990463e+08
-1.065025919999998927e+09 9.547122559999989271e+08
-1.064949183999998927e+09 9.550888959999990463e+08
-1.064871871999998808e+09 9.554654079999989271e+08
-1.064793983999998927e+09 9.558419839999989271e+08
-1.064715519999998808e+09 9.562184959999990463e+08
-1.064636543999998927e+09 9.565950079999989271e+08
-1.064556927999998808e+09 9.569714559999989271e+08
-1.064476799999998927e+09 9.573478399999990463e+08
-1.064396095999998808e+09 9.577242879999990463e+08
-1.064314815999998927e+09 9.581006719999989271e+08
-1.064232959999998808e+09 9.584769919999989271e+08
-1.064150591999998808e+09 9.588533119999989271e+08
-1.064067647999998927e+09 9.592295679999990463e+08
-1.063984063999998927e+09 9.596058239999990463e+08
-1.063899967999998808e+09 9.599820799999990463e+08
-1.063815295999998927e+09 9.603582719999989271e+08
-1.063730047999998927e+09 9.607344639999990463e+08
-1.063644287999998808e+09 9.611105919999989271e+08
-1.063557887999998808e+09 9.614866559999990463e+08
-1.063470975999998927e+09 9.618627839999989271e+08
-1.063383487999998808e+09 9.622387839999990463e+08
-1.061613631999998927e+09 9.693775359999990463e+08
-1.061514879999998808e+09 9.697528959999989271e+08
-1.061415487999998808e+09 9.701282559999990463e+08
-1.061315583999998927e+09 9.705035519999989271e+08
-1.061215103999998927e+09 9.708788479999990463e+08
-1.061114047999998927e+09 9.712540799999989271e+08
-1.061012415999998927e+09 9.716293119999989271e+08
-1.060910207999998927e+09 9.720044799999990463e+08
-1.060807487999998808e+09 9.723795839999990463e+08
-1.060704191999998927e+09 9.727546879999990463e+08
-1.060600319999998808e+09 9.731297919999990463e+08
-1.060495871999998927e+09 9.735048319999989271e+08
-1.060390847999998927e+09 9.738798079999989271e+08
-1.060285311999998808e+09 9.742547199999990463e+08
-1.060179135999998808e+09 9.746296319999989271e+08
-1.060072447999998808e+09 9.750045439999990463e+08
-1.059965183999998808e+09 9.753793919999989271e+08
-1.059857407999998808e+09 9.757541759999989271e+08
-1.059748991999998927e+09 9.761289599999989271e+08
-1.059640063999998808e+09 9.765036799999989271e+08
-1.059530559999998927e+09 9.768783359999989271e+08
-1.059420479999998808e+09 9.772529919999989271e+08
-1.059309823999998808e+09 9.776275839999990463e+08
-1.059198655999998927e+09 9.780021759999990463e+08
-1.059086847999998808e+09 9.783767039999989271e+08
-1.058974527999998927e+09 9.787511679999990463e+08
-1.058861631999998808e+09 9.791256319999989271e+08
-1.058748223999998808e+09 9.795000319999989271e+08
-1.058634175999998927e+09 9.798744319999988079e+08
-1.058519615999998808e+09 9.802487679999990463e+08
-1.058404479999998808e+09 9.806230399999990463e+08
-1.058288767999998927e+09 9.809973119999989271e+08
-1.058172479999998927e+09 9.813715199999989271e+08
-1.058055615999998808e+09 9.817456639999990463e+08
-1.057938239999998808e+09 9.821198079999989271e+08
-1.057820287999998808e+09 9.824938879999989271e+08
-1.057701759999998927e+09 9.828679039999989271e+08
-1.057582719999998927e+09 9.832419199999988079e+08
-1.057463039999998927e+09 9.836158719999990463e+08
-1.057342847999998927e+09 9.839897599999990463e+08
-1.057222079999998927e+09 9.843636479999990463e+08
-1.057100735999998808e+09 9.847374719999989271e+08
-1.009866175999998927e+09 1.075618431999999046e+09
-1.009607615999998808e+09 1.075975423999998808e+09
-1.009348543999998927e+09 1.076332415999998808e+09
-1.009088895999998927e+09 1.076689279999998808e+09
-1.008828735999998808e+09 1.077046143999999046e+09
-1.008568063999998927e+09 1.077402751999998808e+09
-1.008306815999998927e+09 1.077759359999998808e+09
-1.008045055999999046e+09 1.078115839999998808e+09
-1.007782783999998927e+09 1.078472319999998808e+09
-1.007519935999998927e+09 1.078828671999998808e+09
-1.007256575999998927e+09 1.079184895999998808e+09
-1.006992639999998927e+09 1.079540991999998808e+09
-1.006728255999998808e+09 1.079896959999998808e+09
-1.006463295999998927e+09 1.080252927999999046e+09
-1.006197759999999046e+09 1.080608767999998808e+09
-1.005931711999999046e+09 1.080964607999998808e+09
-1.005665151999998808e+09 1.081320191999998808e+09
-1.000498623999998927e+09 1.088059775999998808e+09
-1.000221375999998927e+09 1.088413567999998808e+09
-9.999436159999989271e+08 1.088767103999998808e+09
-9.996652799999989271e+08 1.089120639999998808e+09
-9.993864959999990463e+08 1.089474175999998808e+09
-9.991070719999990463e+08 1.089827455999998808e+09
-9.988271999999988079e+08 1.090180735999998808e+09
-9.985467519999989271e+08 1.090533887999998808e+09
-9.982657919999989271e+08 1.090886911999998808e+09
-9.979842559999990463e+08 1.091239935999998808e+09
-9.977022719999988079e+08 1.091592703999998808e+09
-9.974197119999990463e+08 1.091945471999998808e+09
-9.971365759999989271e+08 1.092298111999998808e+09
-9.968529919999989271e+08 1.092650751999998808e+09
-9.965688319999989271e+08 1.093003135999998808e+09
-9.962841599999989271e+08 1.093355519999998808e+09
-9.959989119999989271e+08 1.093707775999998808e+09
-9.957132159999989271e+08 1.094059903999998808e+09
-9.954269439999989271e+08 1.094411903999998808e+09
-9.951401599999989271e+08 1.094763903999998808e+09
-9.948527999999989271e+08 1.095115775999998808e+09
-9.945649279999989271e+08 1.095467519999998808e+09
-9.942765439999989271e+08 1.095819135999998808e+09
-9.939876479999990463e+08 1.096170751999998808e+09
-9.936981759999990463e+08 1.096522111999998808e+09
-9.934082559999990463e+08 1.096873471999998808e+09
-9.931177599999989271e+08 1.097224703999998808e+09
-9.928266879999989271e+08 1.097575807999998808e+09
-9.925351679999989271e+08 1.097926911999998808e+09
-9.922430719999989271e+08 1.098277759999998808e+09
-9.919504639999989271e+08 1.098628607999998808e+09
-9.916572799999989271e+08 1.098979327999998808e+09
-9.913636479999989271e+08 1.099329919999998808e+09
-9.910694399999989271e+08 1.099680383999998808e+09
-9.907747199999988079e+08 1.100030847999998808e+09
-9.904794879999989271e+08 1.100381183999998808e+09
-9.901837439999990463e+08 1.100731391999998808e+09
-9.898874239999989271e+08 1.101081471999998808e+09
-9.895905919999990463e+08 1.101431423999998808e+09
-9.892932479999989271e+08 1.101781247999998808e+09
-9.889953279999990463e+08 1.102131071999998808e+09
-9.886969599999990463e+08 1.102480767999998808e+09
-9.883980159999989271e+08 1.102830335999998808e+09
-9.880985599999990463e+08 1.103179775999998808e+09
-9.877985919999990463e+08 1.103529087999998808e+09
-9.874980479999989271e+08 1.103878399999998808e+09
-9.871970559999989271e+08 1.104227455999998808e+09
-9.868954879999989271e+08 1.104576511999998808e+09
-9.695062399999989271e+08 1.123603967999998808e+09
-9.691755519999989271e+08 1.123946751999998808e+09
-9.688443519999989271e+08 1.124289407999998808e+09
-9.685126399999990463e+08 1.124631935999998808e+09
-9.681803519999990463e+08 1.124974463999998808e+09
-9.678476159999990463e+08 1.125316735999998808e+09
-9.675143679999989271e+08 1.125658879999998808e+09
-9.671806079999990463e+08 1.126001023999998808e+09
-9.668462719999990463e+08 1.126342911999998808e+09
-9.665114879999989271e+08 1.126684799999998808e+09
-9.661761279999990463e+08 1.127026431999998808e+09
-9.658403199999989271e+08 1.127368063999998808e+09
-9.655039359999989271e+08 1.127709567999998808e+09
-9.651671039999990463e+08 1.128050943999998808e+09
-9.648297599999989271e+08 1.128392191999998808e+09
-9.644918399999990463e+08 1.128733183999998808e+09
-9.641534719999990463e+08 1.129074303999998808e+09
-9.638145279999989271e+08 1.129415167999998808e+09
-9.634750719999989271e+08 1.129755903999998808e+09
-9.631351679999990463e+08 1.130096511999998808e+09
-9.627946879999989271e+08 1.130436991999998808e+09
-9.624537599999989271e+08 1.130777471999998808e+09
-9.621122559999989271e+08 1.131117695999998808e+09
-9.617703039999989271e+08 1.131457919999998808e+09
-9.614277759999989271e+08 1.131797887999998808e+09
-9.610847999999990463e+08 1.132137855999998808e+09
-9.607412479999990463e+08 1.132477567999998808e+09
-9.603972479999990463e+08 1.132817279999998808e+09
-9.600526719999989271e+08 1.133156863999998808e+09
-9.597076479999990463e+08 1.133496319999998808e+09
-9.593620479999990463e+08 1.133835647999998808e+09
-9.590159999999990463e+08 1.134174719999998808e+09
-9.586694399999990463e+08 1.134513791999998808e+09
-9.583223039999990463e+08 1.134852735999998808e+09
-9.579747199999989271e+08 1.135191551999998808e+09
-9.576266239999990463e+08 1.135530239999998808e+09
-9.572780159999990463e+08 1.135868799999998808e+09
-9.569288319999990463e+08 1.136207359999998808e+09
-9.565791999999990463e+08 1.136545663999998808e+09
-9.562290559999990463e+08 1.136883839999998808e+09
-9.558783999999989271e+08 1.137221887999998808e+09
-9.555272319999990463e+08 1.137559807999998808e+09
-9.551755519999990463e+08 1.137897727999998808e+09
-9.548234239999989271e+08 1.138235391999998808e+09
-9.544707199999990463e+08 1.138572927999998808e+09
-9.541175039999989271e+08 1.138910463999998808e+09
-9.537638399999989271e+08 1.139247743999998808e+09
-9.534095999999990463e+08 1.139584895999998808e+09
-9.465834879999989271e+08 1.145967743999998808e+09
-9.462191999999990463e+08 1.146302463999998808e+09
-9.458543999999990463e+08 1.146636927999998808e+09
-9.454890239999990463e+08 1.146971391999998808e+09
-9.451231999999990463e+08 1.147305599999998808e+09
-9.447569279999990463e+08 1.147639807999998808e+09
-9.443900799999990463e+08 1.147973759999998808e+09
-9.440227839999989271e+08 1.148307711999998808e+09
-9.436549119999989271e+08 1.148641407999998808e+09
-9.432865919999990463e+08 1.148975103999998808e+09
-9.429177599999990463e+08 1.149308543999998808e+09
-9.425484159999990463e+08 1.149641983999998808e+09
-9.421785599999990463e+08 1.149975167999998808e+09
-9.418082559999990463e+08 1.150308351999998808e+09
-9.414373759999989271e+08 1.150641279999998808e+09
-9.410660479999990463e+08 1.150974079999998569e+09
-9.406942079999990463e+08 1.151306879999998808e+09
-9.403218559999990463e+08 1.151639423999998808e+09
-9.399490559999989271e+08 1.151971839999998808e+09
-9.395756799999990463e+08 1.152304127999998808e+09
-9.392018559999990463e+08 1.152636287999998808e+09
-9.388275199999990463e+08 1.152968447999998808e+09
-9.384526719999989271e+08 1.153300351999998808e+09
-9.380773759999990463e+08 1.153632127999998569e+09
-9.377015039999990463e+08 1.153963775999998808e+09
-9.373251839999990463e+08 1.154295295999998808e+09
-9.369483519999990463e+08 1.154626687999998808e+09
-9.365710079999990463e+08 1.154957951999998808e+09
-9.361931519999989271e+08 1.155288959999998808e+09
-9.358148479999989271e+08 1.155619967999998808e+09
-9.354360319999989271e+08 1.155950847999998808e+09
-9.350567039999990463e+08 1.156281599999998808e+09
-9.346768639999990463e+08 1.156612223999998808e+09
-9.342965759999989271e+08 1.156942591999998808e+09
-9.339157759999990463e+08 1.157272959999998569e+09
-9.335344639999990463e+08 1.157603071999998808e+09
-9.331526399999990463e+08 1.157933183999998808e+09
-9.327703679999989271e+08 1.158263039999998808e+09
-9.323875199999990463e+08 1.158592895999998569e+09
-9.320042239999990463e+08 1.158922495999998808e+09
-9.316204799999989271e+08 1.159251967999998808e+09
-9.312361599999990463e+08 1.159581311999998808e+09
-9.308513919999990463e+08 1.159910527999998808e+09
-9.304661119999991655e+08 1.160239615999998808e+09
-9.300803199999990463e+08 1.160568575999998569e+09
-9.296940799999989271e+08 1.160897407999998808e+09
-9.293073279999990463e+08 1.161226111999998808e+09
-9.289200639999991655e+08 1.161554687999998808e+09
-9.285323519999989271e+08 1.161883135999998808e+09
-9.281440639999990463e+08 1.162211327999998808e+09
-9.277553279999990463e+08 1.162539519999998808e+09
-9.273661439999990463e+08 1.162867455999998808e+09
-9.269763839999990463e+08 1.163195391999998808e+09
-9.265861759999989271e+08 1.163523071999998808e+09
-9.261954559999990463e+08 1.163850751999998808e+09
-9.258042879999990463e+08 1.164178175999998808e+09
-9.254126079999990463e+08 1.164505471999998808e+09
-9.250204159999991655e+08 1.164832639999998808e+09
-9.246277119999990463e+08 1.165159679999998808e+09
-9.242345599999989271e+08 1.165486591999998808e+09
